0, 300, 0.08, 0.008, 0.8, 438236.27318637155, 128.50329868361553
1, 300, 0.08, 0.008, 0.5, 91.4935238950028, 7.34623180589189
2, 300, 0.08, 0.008, 0.3, 196.69258192720022, 9.580672655711009
3, 300, 0.08, 0.008, 0.1, 336.59412487679845, 11.405878018265259
4, 300, 0.08, 0.008, 0.08, 830.971266980694, 14.761031563591377
5, 300, 0.08, 0.008, 0.05, 562.3395483341734, 12.59582412456288
6, 300, 0.08, 0.008, 0.03, 1117.5994902628318, 17.402364637078072
7, 300, 0.08, 0.008, 0.01, 903.0605597664446, 14.704230807031106
8, 300, 0.08, 0.005, 0.8, 438236.27318637155, 130.04834378425159
9, 300, 0.08, 0.005, 0.5, 40.05577942008766, 4.965864366815753
10, 300, 0.08, 0.005, 0.3, 41.27090982864992, 5.003378134932824
11, 300, 0.08, 0.005, 0.1, 67.89089738729436, 6.448490969166514
12, 300, 0.08, 0.005, 0.08, 65.69357196833681, 6.477467511595263
13, 300, 0.08, 0.005, 0.05, 160.40143914687465, 8.633274654122458
14, 300, 0.08, 0.005, 0.03, 90.29064270295972, 7.165452162976045
15, 300, 0.08, 0.005, 0.01, 68.52432550104824, 6.369305306887549
16, 300, 0.08, 0.003, 0.8, 438236.27318637155, 131.10502520348257
17, 300, 0.08, 0.003, 0.5, 33.8977345295929, 4.368496613366378
18, 300, 0.08, 0.003, 0.3, 35.5369877431733, 4.669894811461075
19, 300, 0.08, 0.003, 0.1, 44.276066050605365, 5.394017330135456
20, 300, 0.08, 0.003, 0.08, 43.65621483575184, 5.267746086851838
21, 300, 0.08, 0.003, 0.05, 42.702185865001596, 5.2677642929831325
22, 300, 0.08, 0.003, 0.03, 51.166684165574324, 5.837587915074957
23, 300, 0.08, 0.003, 0.01, 49.23175735719286, 5.807653875594861
24, 300, 0.08, 0.001, 0.8, 438236.27318637155, 132.17912177490942
25, 300, 0.08, 0.001, 0.5, 25.532261467312086, 3.609105134800724
26, 300, 0.08, 0.001, 0.3, 26.104921860309, 3.7316503057638486
27, 300, 0.08, 0.001, 0.1, 39.27000710764537, 4.933777993640407
28, 300, 0.08, 0.001, 0.08, 36.64680993346586, 4.596941371637352
29, 300, 0.08, 0.001, 0.05, 33.99781193837195, 4.458442947483808
30, 300, 0.08, 0.001, 0.03, 44.03787914594234, 5.204216535842782
31, 300, 0.08, 0.001, 0.01, 36.552568991331626, 4.6233069061808685
32, 300, 0.05, 0.008, 0.8, 97.98182285329385, 6.621290800200266
33, 300, 0.05, 0.008, 0.5, 111.17140867884775, 6.831117413651354
34, 300, 0.05, 0.008, 0.3, 250.41280040575253, 10.944934382620819
35, 300, 0.05, 0.008, 0.1, 1078.5745588001041, 20.1960836279915
36, 300, 0.05, 0.008, 0.08, 1437.1039836384596, 23.898831454481453
37, 300, 0.05, 0.008, 0.05, 1808.4042826572993, 26.54855683419039
38, 300, 0.05, 0.008, 0.03, 3951.2297944175675, 37.32756812949952
39, 300, 0.05, 0.008, 0.01, 2540.456715711788, 28.468332161739834
40, 300, 0.05, 0.005, 0.8, 49.7688439808958, 4.123761361428568
41, 300, 0.05, 0.005, 0.5, 23.545944686964248, 3.8386580570937285
42, 300, 0.05, 0.005, 0.3, 28.246391301800735, 4.2366847244251655
43, 300, 0.05, 0.005, 0.1, 60.08913394524443, 6.057685778692063
44, 300, 0.05, 0.005, 0.08, 63.157721272989285, 5.680079174092213
45, 300, 0.05, 0.005, 0.05, 83.32077173877967, 6.893521997102333
46, 300, 0.05, 0.005, 0.03, 78.8200432438933, 6.523088898365439
47, 300, 0.05, 0.005, 0.01, 67.84895278865142, 6.409902104132625
48, 300, 0.05, 0.003, 0.8, 46.098836994723364, 4.452276344798124
49, 300, 0.05, 0.003, 0.5, 10.829908851190917, 2.718154874364717
50, 300, 0.05, 0.003, 0.3, 11.945965614513554, 2.852426179210296
51, 300, 0.05, 0.003, 0.1, 13.646786388315835, 3.196435424193329
52, 300, 0.05, 0.003, 0.08, 13.032606560116188, 3.080418640958489
53, 300, 0.05, 0.003, 0.05, 17.91722805242841, 3.3510776382522858
54, 300, 0.05, 0.003, 0.03, 16.051054107568874, 3.313978327400639
55, 300, 0.05, 0.003, 0.01, 15.73128933435352, 3.217423956288605
56, 300, 0.05, 0.001, 0.8, 33.270462073590714, 3.1794749915816545
57, 300, 0.05, 0.001, 0.5, 8.515000643262553, 2.2738171768417796
58, 300, 0.05, 0.001, 0.3, 7.642780751597837, 2.2241169191088512
59, 300, 0.05, 0.001, 0.1, 9.012201124731998, 2.352416569467885
60, 300, 0.05, 0.001, 0.08, 7.93106894337795, 2.287418246494572
61, 300, 0.05, 0.001, 0.05, 8.796687412698217, 2.445255583075149
62, 300, 0.05, 0.001, 0.03, 8.676186480883022, 2.3905598096514287
63, 300, 0.05, 0.001, 0.01, 8.10960421001499, 2.3949781933585172
64, 300, 0.03, 0.008, 0.8, 53.810505587141996, 5.241725859322653
65, 300, 0.03, 0.008, 0.5, 124.39973987870637, 8.422494191387798
66, 300, 0.03, 0.008, 0.3, 388.18307025778813, 13.56514950878551
67, 300, 0.03, 0.008, 0.1, 2129.0481122986853, 29.11928303144947
68, 300, 0.03, 0.008, 0.08, 1668.7809278726945, 27.077966258801098
69, 300, 0.03, 0.008, 0.05, 2583.9496250717193, 35.78985329239257
70, 300, 0.03, 0.008, 0.03, 4194.093831465818, 42.09093664071058
71, 300, 0.03, 0.008, 0.01, 4822.015790588499, 47.43154429622495
72, 300, 0.03, 0.005, 0.8, 19.191990189062267, 3.5740461243391253
73, 300, 0.03, 0.005, 0.5, 21.2372458743509, 3.9165462472991153
74, 300, 0.03, 0.005, 0.3, 31.825521290900365, 4.789213864471916
75, 300, 0.03, 0.005, 0.1, 68.49347278634627, 6.455528374074143
76, 300, 0.03, 0.005, 0.08, 82.78392943998412, 6.9828651724275375
77, 300, 0.03, 0.005, 0.05, 73.80020240515684, 6.742109375262004
78, 300, 0.03, 0.005, 0.03, 115.39624880477425, 8.05101282715141
79, 300, 0.03, 0.005, 0.01, 95.60208180533337, 7.863487570004632
80, 300, 0.03, 0.003, 0.8, 14.424234309258832, 2.9718755339438587
81, 300, 0.03, 0.003, 0.5, 10.588861775879282, 2.8404932729311247
82, 300, 0.03, 0.003, 0.3, 11.728527230695153, 3.033955746761535
83, 300, 0.03, 0.003, 0.1, 16.258022540384037, 3.5965627661045403
84, 300, 0.03, 0.003, 0.08, 18.583437899506453, 3.6900411266406756
85, 300, 0.03, 0.003, 0.05, 17.775951881609696, 3.758103089067872
86, 300, 0.03, 0.003, 0.03, 18.77715314069947, 3.809687149025108
87, 300, 0.03, 0.003, 0.01, 20.13836825069028, 3.8331416519536354
88, 300, 0.03, 0.001, 0.8, 15.878997726139929, 2.5881191986826915
89, 300, 0.03, 0.001, 0.5, 7.62359172632397, 2.218039747749948
90, 300, 0.03, 0.001, 0.3, 6.900794915885262, 2.3315278385057794
91, 300, 0.03, 0.001, 0.1, 7.721292285612426, 2.41804872125583
92, 300, 0.03, 0.001, 0.08, 7.336005996538546, 2.3384548207983324
93, 300, 0.03, 0.001, 0.05, 7.346966885751802, 2.390975785277319
94, 300, 0.03, 0.001, 0.03, 7.726788251553574, 2.511037965532616
95, 300, 0.03, 0.001, 0.01, 7.706360828080743, 2.4449340695260124
96, 300, 0.01, 0.008, 0.8, 98.6530821541152, 8.660233496508946
97, 300, 0.01, 0.008, 0.5, 327.39012365211096, 14.321877736236251
98, 300, 0.01, 0.008, 0.3, 701.7787711516385, 18.696398185453173
99, 300, 0.01, 0.008, 0.1, 2660.727678077668, 39.13930439782444
100, 300, 0.01, 0.008, 0.08, 4145.932080051988, 44.74650664655491
101, 300, 0.01, 0.008, 0.05, 4111.877724415509, 41.920163673179445
102, 300, 0.01, 0.008, 0.03, 7849.228180548713, 57.010173437148055
103, 300, 0.01, 0.008, 0.01, 7917.013495668703, 58.85093094230958
104, 300, 0.01, 0.005, 0.8, 35.50218030178622, 5.185387393628004
105, 300, 0.01, 0.005, 0.5, 59.41067637426811, 6.498717829823772
106, 300, 0.01, 0.005, 0.3, 87.61221715051576, 7.606120004854195
107, 300, 0.01, 0.005, 0.1, 153.01185077848135, 9.67655511055403
108, 300, 0.01, 0.005, 0.08, 171.17284078345966, 10.388657614688901
109, 300, 0.01, 0.005, 0.05, 171.09185132982228, 10.281669532034353
110, 300, 0.01, 0.005, 0.03, 172.98594301274073, 10.639829072677296
111, 300, 0.01, 0.005, 0.01, 286.6896565888751, 12.566781952822836
112, 300, 0.01, 0.003, 0.8, 21.62743923678751, 3.924998559765137
113, 300, 0.01, 0.003, 0.5, 20.56083700142532, 3.841625833490324
114, 300, 0.01, 0.003, 0.3, 24.543116817552104, 4.413372108572439
115, 300, 0.01, 0.003, 0.1, 34.599111023771165, 5.119502687414981
116, 300, 0.01, 0.003, 0.08, 35.9434157642168, 5.2478371915442805
117, 300, 0.01, 0.003, 0.05, 41.78698237256553, 5.416837113202652
118, 300, 0.01, 0.003, 0.03, 39.00182443664062, 5.504394585845509
119, 300, 0.01, 0.003, 0.01, 37.20357690084648, 5.195530249814543
120, 300, 0.01, 0.001, 0.8, 17.269521263106054, 3.4087430202097955
121, 300, 0.01, 0.001, 0.5, 11.722801913861968, 2.8914364113786215
122, 300, 0.01, 0.001, 0.3, 10.179615483971133, 2.708384467301064
123, 300, 0.01, 0.001, 0.1, 9.959475353113728, 2.75748594241837
124, 300, 0.01, 0.001, 0.08, 10.153296441769989, 2.7206816424265745
125, 300, 0.01, 0.001, 0.05, 10.507852152321918, 2.8446312484290512
126, 300, 0.01, 0.001, 0.03, 10.060993119054562, 2.872700114430785
127, 300, 0.01, 0.001, 0.01, 10.975795775454584, 2.9222398136801675
128, 300, 0.008, 0.008, 0.8, 179.87976302469147, 11.456005291161805
129, 300, 0.008, 0.008, 0.5, 361.46360356783214, 14.905979789973548
130, 300, 0.008, 0.008, 0.3, 797.4893820530731, 20.816065010987042
131, 300, 0.008, 0.008, 0.1, 2922.337744702725, 38.76882832951255
132, 300, 0.008, 0.008, 0.08, 3606.470976109008, 42.55931304980511
133, 300, 0.008, 0.008, 0.05, 5752.099097508996, 54.35508276499686
134, 300, 0.008, 0.008, 0.03, 5532.367644700769, 51.752571689873186
135, 300, 0.008, 0.008, 0.01, 11778.595269594374, 72.22236272264183
136, 300, 0.008, 0.005, 0.8, 51.71729277906225, 6.254417073827933
137, 300, 0.008, 0.005, 0.5, 76.97024766253935, 7.378308094153799
138, 300, 0.008, 0.005, 0.3, 101.38769286113248, 8.595275678763345
139, 300, 0.008, 0.005, 0.1, 206.19862422610677, 11.524803693964737
140, 300, 0.008, 0.005, 0.08, 195.06652213697197, 11.437402152792135
141, 300, 0.008, 0.005, 0.05, 227.49219790665975, 11.828150066358154
142, 300, 0.008, 0.005, 0.03, 257.287421748394, 13.123504885305787
143, 300, 0.008, 0.005, 0.01, 300.39573045732675, 12.61974447451188
144, 300, 0.008, 0.003, 0.8, 27.41878273848309, 4.402658056187337
145, 300, 0.008, 0.003, 0.5, 28.77001841687573, 4.537421208126456
146, 300, 0.008, 0.003, 0.3, 29.802064032081926, 4.78380344872478
147, 300, 0.008, 0.003, 0.1, 41.6621002874373, 5.631324678054464
148, 300, 0.008, 0.003, 0.08, 44.71920352588253, 5.627129750176755
149, 300, 0.008, 0.003, 0.05, 50.635591628055344, 6.187657037721236
150, 300, 0.008, 0.003, 0.03, 48.120504754153316, 5.770328817265072
151, 300, 0.008, 0.003, 0.01, 48.95943463727221, 6.066550857889698
152, 300, 0.008, 0.001, 0.8, 19.886566483029448, 3.788954198275545
153, 300, 0.008, 0.001, 0.5, 15.925950055641351, 3.374589051865722
154, 300, 0.008, 0.001, 0.3, 13.411114471353375, 3.186100442283469
155, 300, 0.008, 0.001, 0.1, 11.87940797700027, 2.9897960732953615
156, 300, 0.008, 0.001, 0.08, 11.216322223211268, 2.8797304453591352
157, 300, 0.008, 0.001, 0.05, 11.989354094275505, 2.9317496838667276
158, 300, 0.008, 0.001, 0.03, 11.890415865051315, 2.9618197892576363
159, 300, 0.008, 0.001, 0.01, 12.076300386692745, 3.067761108462522
160, 300, 0.005, 0.008, 0.8, 403.85102862091145, 16.81920335749265
161, 300, 0.005, 0.008, 0.5, 806.1302994708622, 23.49005985206685
162, 300, 0.005, 0.008, 0.3, 1479.0118713523475, 31.545523889061677
163, 300, 0.005, 0.008, 0.1, 4869.562943048608, 51.576310684947245
164, 300, 0.005, 0.008, 0.08, 5718.216267661408, 57.271469439351016
165, 300, 0.005, 0.008, 0.05, 7657.304336629641, 67.14607388041995
166, 300, 0.005, 0.008, 0.03, 9511.6496431851, 78.2770936627929
167, 300, 0.005, 0.008, 0.01, 9973.30911436335, 68.16916180696992
168, 300, 0.005, 0.005, 0.8, 115.07876944839056, 8.822781627385778
169, 300, 0.005, 0.005, 0.5, 147.67296776031668, 10.121659319232883
170, 300, 0.005, 0.005, 0.3, 202.36163427587547, 11.896302746286917
171, 300, 0.005, 0.005, 0.1, 299.6604610988941, 14.126942112701428
172, 300, 0.005, 0.005, 0.08, 348.9349685734154, 15.495696444587134
173, 300, 0.005, 0.005, 0.05, 425.81834597783745, 16.59665954136754
174, 300, 0.005, 0.005, 0.03, 440.2049433472117, 16.46037437067528
175, 300, 0.005, 0.005, 0.01, 468.6098641033751, 17.604880758662745
176, 300, 0.005, 0.003, 0.8, 47.15006821497222, 5.756854977491473
177, 300, 0.005, 0.003, 0.5, 45.329277113518906, 5.426284810386088
178, 300, 0.005, 0.003, 0.3, 52.71223213997833, 6.073518625793565
179, 300, 0.005, 0.003, 0.1, 62.23649287357948, 6.723068232118203
180, 300, 0.005, 0.003, 0.08, 75.44601512152259, 7.229017707453735
181, 300, 0.005, 0.003, 0.05, 82.24590417437321, 7.513684183887877
182, 300, 0.005, 0.003, 0.03, 81.55980904476043, 7.501981694779107
183, 300, 0.005, 0.003, 0.01, 85.79406046428974, 7.7296953573979765
184, 300, 0.005, 0.001, 0.8, 29.773435953342613, 4.662201036805301
185, 300, 0.005, 0.001, 0.5, 22.24843157079271, 4.0675423374348405
186, 300, 0.005, 0.001, 0.3, 20.544503655317392, 3.789623343513302
187, 300, 0.005, 0.001, 0.1, 17.061488394910743, 3.5267964797328233
188, 300, 0.005, 0.001, 0.08, 17.826146199977575, 3.5859132310421336
189, 300, 0.005, 0.001, 0.05, 15.622184648562229, 3.395138532151057
190, 300, 0.005, 0.001, 0.03, 16.468934547067978, 3.436221913000343
191, 300, 0.005, 0.001, 0.01, 16.3052260765052, 3.5131347506261257
192, 300, 0.003, 0.008, 0.8, 1333.4117494216769, 30.818693022698227
193, 300, 0.003, 0.008, 0.5, 2461.841756069891, 41.339326283101514
194, 300, 0.003, 0.008, 0.3, 4201.588876020644, 53.16296659302086
195, 300, 0.003, 0.008, 0.1, 9472.620086855419, 75.11685129509922
196, 300, 0.003, 0.008, 0.08, 11829.542946197744, 90.07519223705052
197, 300, 0.003, 0.008, 0.05, 13675.16671180125, 90.91602033287741
198, 300, 0.003, 0.008, 0.03, 15383.10316226222, 96.63915731206686
199, 300, 0.003, 0.008, 0.01, 18314.958111600186, 107.27591312507248
200, 300, 0.003, 0.005, 0.8, 238.6999088719702, 12.677986302045854
201, 300, 0.003, 0.005, 0.5, 345.74016836141953, 15.673245640182554
202, 300, 0.003, 0.005, 0.3, 518.3077932785914, 18.814571595522732
203, 300, 0.003, 0.005, 0.1, 793.8312187153181, 23.05215148166396
204, 300, 0.003, 0.005, 0.08, 817.9420972594853, 23.26414667110597
205, 300, 0.003, 0.005, 0.05, 873.5047927153133, 24.27615930921572
206, 300, 0.003, 0.005, 0.03, 954.8394825080168, 24.49323494933992
207, 300, 0.003, 0.005, 0.01, 887.0263551128161, 23.670433655634685
208, 300, 0.003, 0.003, 0.8, 82.98147565062378, 7.353223801023884
209, 300, 0.003, 0.003, 0.5, 91.3908172751695, 7.7865419846150745
210, 300, 0.003, 0.003, 0.3, 100.67504783024135, 8.481096487593737
211, 300, 0.003, 0.003, 0.1, 144.42182768153162, 9.865659388565954
212, 300, 0.003, 0.003, 0.08, 173.21447056483822, 11.226012155011313
213, 300, 0.003, 0.003, 0.05, 158.8483347853071, 10.652209731645014
214, 300, 0.003, 0.003, 0.03, 158.27421445180227, 10.54068639908026
215, 300, 0.003, 0.003, 0.01, 164.23402578481358, 10.407713158916462
216, 300, 0.003, 0.001, 0.8, 42.3441379312653, 5.380449349488291
217, 300, 0.003, 0.001, 0.5, 36.497009550715596, 5.072301144126489
218, 300, 0.003, 0.001, 0.3, 30.283253957370516, 4.607745761296213
219, 300, 0.003, 0.001, 0.1, 28.14171520218715, 4.390306911156008
220, 300, 0.003, 0.001, 0.08, 27.89677636573049, 4.4058985461964015
221, 300, 0.003, 0.001, 0.05, 23.422999589965592, 4.150094065317842
222, 300, 0.003, 0.001, 0.03, 26.20551119740299, 4.341524229796196
223, 300, 0.003, 0.001, 0.01, 26.01463957806867, 4.301635907874167
224, 300, 0.001, 0.008, 0.8, 4232.645876333577, 60.268210761294824
225, 300, 0.001, 0.008, 0.5, 10789.231218609786, 92.77837996686625
226, 300, 0.001, 0.008, 0.3, 21559.99453315656, 129.9562223711006
227, 300, 0.001, 0.008, 0.1, 58473.54663971532, 206.21675806204266
228, 300, 0.001, 0.008, 0.08, 62815.53907695622, 210.6884950572181
229, 300, 0.001, 0.008, 0.05, 72908.87923534786, 225.3209588594396
230, 300, 0.001, 0.008, 0.03, 85177.1457612949, 238.35378416253815
231, 300, 0.001, 0.008, 0.01, 102504.96593806235, 265.7562964686805
232, 300, 0.001, 0.005, 0.8, 518.1702565172216, 20.061540121293277
233, 300, 0.001, 0.005, 0.5, 1181.6268871005036, 29.710723039726123
234, 300, 0.001, 0.005, 0.3, 2041.2270686173263, 40.286948286205
235, 300, 0.001, 0.005, 0.1, 4594.633557922959, 59.32481671954592
236, 300, 0.001, 0.005, 0.08, 4472.5007159258475, 56.86524677865914
237, 300, 0.001, 0.005, 0.05, 4811.827834907929, 58.701952597616035
238, 300, 0.001, 0.005, 0.03, 5137.50056465558, 62.974200098363
239, 300, 0.001, 0.005, 0.01, 6748.494355356355, 70.87805175566393
240, 300, 0.001, 0.003, 0.8, 125.91185046473825, 9.099869464270839
241, 300, 0.001, 0.003, 0.5, 200.3684391665002, 11.960467000519927
242, 300, 0.001, 0.003, 0.3, 338.22759448159377, 15.444975750565135
243, 300, 0.001, 0.003, 0.1, 566.9213476146002, 20.297564169464472
244, 300, 0.001, 0.003, 0.08, 598.2494320401713, 21.605551763104543
245, 300, 0.001, 0.003, 0.05, 579.8791238451116, 20.407689913183415
246, 300, 0.001, 0.003, 0.03, 705.8992130659777, 22.948150743761836
247, 300, 0.001, 0.003, 0.01, 713.77875330756, 22.313292512766633
248, 300, 0.001, 0.001, 0.8, 59.836839707099024, 6.323008419086253
249, 300, 0.001, 0.001, 0.5, 50.31815967590836, 5.981961424427726
250, 300, 0.001, 0.001, 0.3, 51.3293441400328, 6.010155367009476
251, 300, 0.001, 0.001, 0.1, 55.781948280997895, 6.196670975587909
252, 300, 0.001, 0.001, 0.08, 54.533421830836325, 6.034522091455433
253, 300, 0.001, 0.001, 0.05, 57.946988595867786, 6.296227518467008
254, 300, 0.001, 0.001, 0.03, 60.18504867235729, 6.31523462566428
255, 300, 0.001, 0.001, 0.01, 56.44664940097018, 6.225203402571215
256, 600, 0.08, 0.008, 0.8, 438236.27318637155, 128.5015491838739
257, 600, 0.08, 0.008, 0.5, 5561.310234312583, 28.904727970436102
258, 600, 0.08, 0.008, 0.3, 18129.10149045931, 56.61780705941385
259, 600, 0.08, 0.008, 0.1, 26918.00056967751, 70.09516160676402
260, 600, 0.08, 0.008, 0.08, 37546.15258640826, 102.45781191810276
261, 600, 0.08, 0.008, 0.05, 41541.373083738916, 114.78563404925504
262, 600, 0.08, 0.008, 0.03, 48298.26609597412, 122.33467769681121
263, 600, 0.08, 0.008, 0.01, 37075.712397875286, 91.64704683323875
264, 600, 0.08, 0.005, 0.8, 438236.27318637155, 130.04692161156754
265, 600, 0.08, 0.005, 0.5, 123.76668747561556, 8.296201090506269
266, 600, 0.08, 0.005, 0.3, 557.7404417291958, 13.20991230482826
267, 600, 0.08, 0.005, 0.1, 2143.3189547465045, 20.7399897572628
268, 600, 0.08, 0.005, 0.08, 2712.9525377837117, 25.17811274923231
269, 600, 0.08, 0.005, 0.05, 3631.016580069826, 21.690605445005524
270, 600, 0.08, 0.005, 0.03, 2586.80580851871, 21.03917507733696
271, 600, 0.08, 0.005, 0.01, 2548.907299728016, 21.5769958935133
272, 600, 0.08, 0.003, 0.8, 438236.27318637155, 131.1067321728129
273, 600, 0.08, 0.003, 0.5, 48.53611890569835, 5.485731039794808
274, 600, 0.08, 0.003, 0.3, 85.6756746867463, 6.475153305863886
275, 600, 0.08, 0.003, 0.1, 111.68605921183845, 7.208533026353086
276, 600, 0.08, 0.003, 0.08, 75.61338207402373, 6.946396432403354
277, 600, 0.08, 0.003, 0.05, 75.87242563563017, 7.076782313038831
278, 600, 0.08, 0.003, 0.03, 104.21065375332815, 7.6068067127978525
279, 600, 0.08, 0.003, 0.01, 142.66807735141077, 7.874937619191803
280, 600, 0.08, 0.001, 0.8, 438236.27318637155, 132.17859064663543
281, 600, 0.08, 0.001, 0.5, 28.458273963706056, 3.7918400051432615
282, 600, 0.08, 0.001, 0.3, 25.075022099576014, 3.857880379410942
283, 600, 0.08, 0.001, 0.1, 37.95286400347172, 4.840699501946648
284, 600, 0.08, 0.001, 0.08, 31.318984951372464, 4.443906721229545
285, 600, 0.08, 0.001, 0.05, 27.226260392187925, 3.969427605410302
286, 600, 0.08, 0.001, 0.03, 29.89461655168327, 4.05670545435345
287, 600, 0.08, 0.001, 0.01, 36.517440199179205, 4.97112788226159
288, 600, 0.05, 0.008, 0.8, 6094.476790264385, 40.15302681363782
289, 600, 0.05, 0.008, 0.5, 28051.39394352811, 89.57639785347673
290, 600, 0.05, 0.008, 0.3, 86426.4592217924, 190.53870791120275
291, 600, 0.05, 0.008, 0.1, 113314.29442471957, 235.81247578842036
292, 600, 0.05, 0.008, 0.08, 113534.92303960156, 205.52118033146334
293, 600, 0.05, 0.008, 0.05, 155486.04474411564, 285.38507932663026
294, 600, 0.05, 0.008, 0.03, 186674.08063242593, 337.1638437938939
295, 600, 0.05, 0.008, 0.01, 122074.08397174944, 218.04107288518207
296, 600, 0.05, 0.005, 0.8, 127.04390498695666, 8.113784193007762
297, 600, 0.05, 0.005, 0.5, 408.5347656235234, 12.843198964969044
298, 600, 0.05, 0.005, 0.3, 1833.4604486672408, 23.907045890590364
299, 600, 0.05, 0.005, 0.1, 5786.8168641902075, 36.188177201539176
300, 600, 0.05, 0.005, 0.08, 5039.264841881198, 37.47656533536796
301, 600, 0.05, 0.005, 0.05, 8822.112479640478, 54.01003230731228
302, 600, 0.05, 0.005, 0.03, 7175.335795253804, 39.0274902166796
303, 600, 0.05, 0.005, 0.01, 18330.61422502128, 87.88549851377046
304, 600, 0.05, 0.003, 0.8, 63.251017843045744, 4.964657247452761
305, 600, 0.05, 0.003, 0.5, 31.519334087462443, 3.950216309614613
306, 600, 0.05, 0.003, 0.3, 44.62644456829078, 5.053155951730778
307, 600, 0.05, 0.003, 0.1, 97.1851628048584, 7.495111688738125
308, 600, 0.05, 0.003, 0.08, 77.44378813811258, 6.382443485784423
309, 600, 0.05, 0.003, 0.05, 129.171331227899, 7.7394385805530295
310, 600, 0.05, 0.003, 0.03, 120.06931784931434, 7.840496503564095
311, 600, 0.05, 0.003, 0.01, 319.8257025719728, 10.655677701570532
312, 600, 0.05, 0.001, 0.8, 23.356994657184057, 3.0779585245713346
313, 600, 0.05, 0.001, 0.5, 7.7231258384074195, 2.282865528291623
314, 600, 0.05, 0.001, 0.3, 8.43542476461832, 2.3550829580761135
315, 600, 0.05, 0.001, 0.1, 8.468482337294624, 2.442984603919224
316, 600, 0.05, 0.001, 0.08, 8.313700352751365, 2.5118102818782404
317, 600, 0.05, 0.001, 0.05, 8.235059479275979, 2.561840115197962
318, 600, 0.05, 0.001, 0.03, 8.231083106078627, 2.432234739370422
319, 600, 0.05, 0.001, 0.01, 9.285073193205939, 2.5539227415381887
320, 600, 0.03, 0.008, 0.8, 4462.357539069874, 37.51803567355515
321, 600, 0.03, 0.008, 0.5, 50116.57760417163, 148.48808005147524
322, 600, 0.03, 0.008, 0.3, 108530.69943475374, 216.84046057183696
323, 600, 0.03, 0.008, 0.1, 193234.67622367994, 350.9455825839684
324, 600, 0.03, 0.008, 0.08, 264250.14686979685, 430.8471133681384
325, 600, 0.03, 0.008, 0.05, 119224.9790305749, 201.3908762932655
326, 600, 0.03, 0.008, 0.03, 191371.2223820963, 313.813640970579
327, 600, 0.03, 0.008, 0.01, 181826.77548230565, 319.8460889482611
328, 600, 0.03, 0.005, 0.8, 140.57825557945358, 6.824291602859264
329, 600, 0.03, 0.005, 0.5, 355.4547241054862, 13.98936688190831
330, 600, 0.03, 0.005, 0.3, 2025.68828485435, 28.133993070694732
331, 600, 0.03, 0.005, 0.1, 11429.723777866406, 61.696019532919664
332, 600, 0.03, 0.005, 0.08, 16519.521387752506, 78.0136449022255
333, 600, 0.03, 0.005, 0.05, 26575.13727880797, 91.40552159235378
334, 600, 0.03, 0.005, 0.03, 30362.775829557817, 123.11364914212864
335, 600, 0.03, 0.005, 0.01, 24050.80156122906, 87.71489618400821
336, 600, 0.03, 0.003, 0.8, 21.002110778264992, 3.3315400440223386
337, 600, 0.03, 0.003, 0.5, 33.44631322904503, 4.516736410470701
338, 600, 0.03, 0.003, 0.3, 57.8550153343024, 5.339203905570663
339, 600, 0.03, 0.003, 0.1, 136.01178965603862, 8.015584104945223
340, 600, 0.03, 0.003, 0.08, 151.00620759819657, 8.850542457148787
341, 600, 0.03, 0.003, 0.05, 151.96637421298811, 8.742192137065777
342, 600, 0.03, 0.003, 0.03, 201.94074961818882, 9.139441705947165
343, 600, 0.03, 0.003, 0.01, 221.82905158670005, 10.547972062573768
344, 600, 0.03, 0.001, 0.8, 10.112120175131027, 2.434605323952119
345, 600, 0.03, 0.001, 0.5, 7.338072367490184, 2.327320259620941
346, 600, 0.03, 0.001, 0.3, 8.032502127975933, 2.5094245977802574
347, 600, 0.03, 0.001, 0.1, 8.071278522650244, 2.6319202949175606
348, 600, 0.03, 0.001, 0.08, 8.207853025380953, 2.561919547554993
349, 600, 0.03, 0.001, 0.05, 7.901579417010008, 2.7286933817408374
350, 600, 0.03, 0.001, 0.03, 9.205465411608452, 2.6967185869988137
351, 600, 0.03, 0.001, 0.01, 8.760681156023448, 2.610317519856983
352, 600, 0.01, 0.008, 0.8, 7374.8106062357965, 52.57786619879603
353, 600, 0.01, 0.008, 0.5, 84453.31444139502, 207.1265067276584
354, 600, 0.01, 0.008, 0.3, 193046.48224249182, 359.2757557071277
355, 600, 0.01, 0.008, 0.1, 286475.12906403944, 462.51155376465806
356, 600, 0.01, 0.008, 0.08, 271895.4577753147, 467.0961428044499
357, 600, 0.01, 0.008, 0.05, 384533.5308430605, 584.760147803028
358, 600, 0.01, 0.008, 0.03, 308013.8812910009, 477.3035808863368
359, 600, 0.01, 0.008, 0.01, 261847.3768462458, 411.1129934489507
360, 600, 0.01, 0.005, 0.8, 127.11673769048586, 8.933498874939025
361, 600, 0.01, 0.005, 0.5, 899.3389877585478, 20.36100347024145
362, 600, 0.01, 0.005, 0.3, 4411.900702888549, 47.1049261728522
363, 600, 0.01, 0.005, 0.1, 30208.606238045577, 114.93064198901547
364, 600, 0.01, 0.005, 0.08, 38951.30311255458, 138.3875480791305
365, 600, 0.01, 0.005, 0.05, 50209.371558000756, 158.78727006390895
366, 600, 0.01, 0.005, 0.03, 68478.64994406009, 176.05238061126101
367, 600, 0.01, 0.005, 0.01, 49679.1308921752, 151.29161044922142
368, 600, 0.01, 0.003, 0.8, 31.36948923219286, 4.712783533726194
369, 600, 0.01, 0.003, 0.5, 54.178555861575525, 6.208161997380005
370, 600, 0.01, 0.003, 0.3, 102.91040987136782, 7.847449137290158
371, 600, 0.01, 0.003, 0.1, 287.7341977311532, 12.75541841560413
