0, 300, 0.8, 0.008, 0.8, 490491.37191811576, 686.6097426481499
1, 300, 0.8, 0.008, 0.5, 505277.41338834836, 693.9417152828948
2, 300, 0.8, 0.008, 0.3, 492575.86499313125, 674.9874718830937
3, 300, 0.8, 0.008, 0.1, 521766.8850843947, 715.9587029232457
4, 300, 0.8, 0.008, 0.08, 489677.00861672004, 682.5284099966668
5, 300, 0.8, 0.008, 0.05, 517511.0748983483, 712.905771429386
6, 300, 0.8, 0.008, 0.03, 516262.16518718546, 713.8441663100878
7, 300, 0.8, 0.008, 0.01, 534968.806820325, 729.4773188425439
8, 300, 0.8, 0.005, 0.8, 513033.09075509245, 701.791953038158
9, 300, 0.8, 0.005, 0.5, 510021.1206156739, 701.5102164337718
10, 300, 0.8, 0.005, 0.3, 522188.19968602265, 706.687877156579
11, 300, 0.8, 0.005, 0.1, 488152.83856661944, 676.9777260139451
12, 300, 0.8, 0.005, 0.08, 519391.3518486971, 714.6861315539475
13, 300, 0.8, 0.005, 0.05, 509020.1213010227, 706.7047772127193
14, 300, 0.8, 0.005, 0.03, 523905.054629046, 721.3666791206141
15, 300, 0.8, 0.005, 0.01, 513485.4083900925, 714.6438825223685
16, 300, 0.8, 0.003, 0.8, 502164.71974997624, 697.8644607671054
17, 300, 0.8, 0.003, 0.5, 498954.3271612553, 707.066511602193
18, 300, 0.8, 0.003, 0.3, 526235.7743531157, 704.1931369399123
19, 300, 0.8, 0.003, 0.1, 498489.0459502805, 683.8436588942129
20, 300, 0.8, 0.003, 0.08, 515085.7668920692, 715.9179642083334
21, 300, 0.8, 0.003, 0.05, 506188.34916218545, 707.9469755679825
22, 300, 0.8, 0.003, 0.03, 524730.5305195111, 719.4012657504387
23, 300, 0.8, 0.003, 0.01, 521468.5685352088, 716.8368350320175
24, 300, 0.8, 0.001, 0.8, 489281.7816302087, 693.5331571381579
25, 300, 0.8, 0.001, 0.5, 472170.85215443745, 669.3641100161453
26, 300, 0.8, 0.001, 0.3, 505643.63876811584, 705.423284207456
27, 300, 0.8, 0.001, 0.1, 492914.29790464806, 678.2443894178925
28, 300, 0.8, 0.001, 0.08, 522270.1598306738, 718.4249810539475
29, 300, 0.8, 0.001, 0.05, 516943.75479648786, 713.6920819407895
30, 300, 0.8, 0.001, 0.03, 508854.82697683666, 712.9407287399124
31, 300, 0.8, 0.001, 0.01, 514580.18110555754, 713.5659012048245
32, 300, 0.5, 0.008, 0.8, 498492.0997581158, 700.9183342162281
33, 300, 0.5, 0.008, 0.5, 496404.1165531158, 703.6784533048244
34, 300, 0.5, 0.008, 0.3, 510967.17046427855, 697.1301684548246
35, 300, 0.5, 0.008, 0.1, 514125.5672906738, 713.8736413618423
36, 300, 0.5, 0.008, 0.08, 512246.3520571856, 713.9273389925439
37, 300, 0.5, 0.008, 0.05, 497675.1359913714, 702.3473918837719
38, 300, 0.5, 0.008, 0.03, 504091.46931613906, 698.7885136092106
39, 300, 0.5, 0.008, 0.01, 509906.43388625525, 704.7110785258772
40, 300, 0.5, 0.005, 0.8, 493155.54920230183, 687.2376407991147
41, 300, 0.5, 0.005, 0.5, 479938.00695672084, 668.9648941662059
42, 300, 0.5, 0.005, 0.3, 492161.49551718554, 699.8067894767545
43, 300, 0.5, 0.005, 0.1, 482729.2066113659, 668.3771179454684
44, 300, 0.5, 0.005, 0.08, 521338.16310311574, 711.5798495124327
45, 300, 0.5, 0.005, 0.05, 500371.9009355575, 705.8547315697368
46, 300, 0.5, 0.005, 0.03, 499861.2293771856, 703.7783219934211
47, 300, 0.5, 0.005, 0.01, 524061.79794125527, 722.4439483995615
48, 300, 0.5, 0.003, 0.8, 508487.55077090656, 677.9256171109649
49, 300, 0.5, 0.003, 0.5, 473677.5635409384, 672.339810488732
50, 300, 0.5, 0.003, 0.3, 516013.6378774181, 714.427832983772
51, 300, 0.5, 0.003, 0.1, 496371.05150695296, 699.4373337785088
52, 300, 0.5, 0.003, 0.08, 504902.86296799936, 709.7606751030703
53, 300, 0.5, 0.003, 0.05, 514699.1011533483, 708.1685778100878
54, 300, 0.5, 0.003, 0.03, 520939.570515325, 711.6775468364034
55, 300, 0.5, 0.003, 0.01, 516826.81912253425, 708.0426949583334
56, 300, 0.5, 0.001, 0.8, 509552.9769549763, 693.7904349285088
57, 300, 0.5, 0.001, 0.5, 497052.69362113904, 692.5763493092106
58, 300, 0.5, 0.001, 0.3, 478824.66985562927, 668.8779539814299
59, 300, 0.5, 0.001, 0.1, 511878.3552867204, 702.2987085416665
60, 300, 0.5, 0.001, 0.08, 525911.2226048599, 721.2911633407895
61, 300, 0.5, 0.001, 0.05, 511617.2743828832, 709.3985768741229
62, 300, 0.5, 0.001, 0.03, 518630.19268427865, 709.9269606986843
63, 300, 0.5, 0.001, 0.01, 508710.7279225343, 705.5386344048245
64, 300, 0.3, 0.008, 0.8, 491990.6443886972, 697.6951186565789
65, 300, 0.3, 0.008, 0.5, 472864.1971488134, 689.2368018416666
66, 300, 0.3, 0.008, 0.3, 514031.67335637147, 709.7686038478071
67, 300, 0.3, 0.008, 0.1, 498954.76252788317, 704.910741902193
68, 300, 0.3, 0.008, 0.08, 518178.3519527669, 719.6391808714912
69, 300, 0.3, 0.008, 0.05, 501436.1003175344, 703.2973098223683
70, 300, 0.3, 0.008, 0.03, 472014.2705771881, 662.1358230740213
71, 300, 0.3, 0.008, 0.01, 515548.50759055756, 712.0068813907894
72, 300, 0.3, 0.005, 0.8, 492945.2775225344, 692.5719629963404
73, 300, 0.3, 0.005, 0.5, 493538.1775550925, 689.6328560065789
74, 300, 0.3, 0.005, 0.3, 494966.1741031157, 698.7166588995615
75, 300, 0.3, 0.005, 0.1, 501493.1812078832, 695.1842233986843
76, 300, 0.3, 0.005, 0.08, 502945.5349404413, 705.213107620614
77, 300, 0.3, 0.005, 0.05, 509619.07067579014, 700.3058333828947
78, 300, 0.3, 0.005, 0.03, 510977.8418893948, 711.1725022472397
79, 300, 0.3, 0.005, 0.01, 498566.6920047436, 705.6459527723684
80, 300, 0.3, 0.003, 0.8, 489241.0207181157, 680.6645153946389
81, 300, 0.3, 0.003, 0.5, 504540.6151892785, 696.4660858574559
82, 300, 0.3, 0.003, 0.3, 519782.38982241804, 716.1133266741227
83, 300, 0.3, 0.003, 0.1, 470224.8316009502, 642.5967755497339
84, 300, 0.3, 0.003, 0.08, 497338.4784878831, 699.9663276109649
85, 300, 0.3, 0.003, 0.05, 513265.34066206915, 702.9372493951754
86, 300, 0.3, 0.003, 0.03, 519746.2873264879, 717.0837910749999
87, 300, 0.3, 0.003, 0.01, 511259.774148232, 698.6069991504386
88, 300, 0.3, 0.001, 0.8, 489996.14098579006, 689.875770612843
89, 300, 0.3, 0.001, 0.5, 493156.66176683677, 700.6191354995614
90, 300, 0.3, 0.001, 0.3, 511347.13084113895, 694.785229575
91, 300, 0.3, 0.001, 0.1, 501793.62908288324, 694.7614098919461
92, 300, 0.3, 0.001, 0.08, 508514.97026497626, 703.6638512285087
93, 300, 0.3, 0.001, 0.05, 484963.0467592785, 683.0708942144738
94, 300, 0.3, 0.001, 0.03, 504989.01834776683, 706.8551687688597
95, 300, 0.3, 0.001, 0.01, 471942.71386538865, 664.8240338930254
96, 300, 0.1, 0.008, 0.8, 507155.4320556739, 664.5626557473778
97, 300, 0.1, 0.008, 0.5, 494434.36895625526, 685.6890296741042
98, 300, 0.1, 0.008, 0.3, 481593.5475590459, 667.4830083206978
99, 300, 0.1, 0.008, 0.1, 484449.41763172037, 687.6148536197369
100, 300, 0.1, 0.008, 0.08, 484160.27138806775, 662.3816419647446
101, 300, 0.1, 0.008, 0.05, 498961.5791278832, 692.5170647041298
102, 300, 0.1, 0.008, 0.03, 498550.0960433483, 696.8303386864035
103, 300, 0.1, 0.008, 0.01, 500213.5071706738, 704.15163600307
104, 300, 0.1, 0.005, 0.8, 513423.7807514878, 681.3091844833469
105, 300, 0.1, 0.005, 0.5, 495562.1233950925, 680.8925754734724
106, 300, 0.1, 0.005, 0.3, 497563.41536381346, 687.7829663867094
107, 300, 0.1, 0.005, 0.1, 504422.9687597436, 705.1990463960527
108, 300, 0.1, 0.005, 0.08, 499927.46278462734, 702.6978634153509
109, 300, 0.1, 0.005, 0.05, 498849.45435613894, 689.8352293244732
110, 300, 0.1, 0.005, 0.03, 494181.4271477669, 681.1992364922514
111, 300, 0.1, 0.005, 0.01, 465542.20422813884, 661.0897423656501
112, 300, 0.1, 0.003, 0.8, 508911.3388966041, 687.232128411389
113, 300, 0.1, 0.003, 0.5, 513491.3792614879, 700.917978391182
114, 300, 0.1, 0.003, 0.3, 494231.3725002088, 704.0581304644736
115, 300, 0.1, 0.003, 0.1, 522317.7346949762, 685.3184873672578
116, 300, 0.1, 0.003, 0.08, 499983.59099613904, 701.0819325725854
117, 300, 0.1, 0.003, 0.05, 491169.15537265065, 687.8408756499508
118, 300, 0.1, 0.003, 0.03, 493336.678258232, 684.1344734227766
119, 300, 0.1, 0.003, 0.01, 521835.30809020885, 705.6107520513158
120, 300, 0.1, 0.001, 0.8, 497682.09384079016, 694.7705857819545
121, 300, 0.1, 0.001, 0.5, 502197.9080124181, 683.3366172361921
122, 300, 0.1, 0.001, 0.3, 471936.59266757424, 659.5137545339185
123, 300, 0.1, 0.001, 0.1, 500382.9113413716, 684.6307521710305
124, 300, 0.1, 0.001, 0.08, 505669.9460541623, 698.012045984649
125, 300, 0.1, 0.001, 0.05, 504209.7308967204, 701.706411738158
126, 300, 0.1, 0.001, 0.03, 484968.2271628836, 670.1972238309554
127, 300, 0.1, 0.001, 0.01, 495218.96921195294, 670.2557171375415
128, 300, 0.08, 0.008, 0.8, 479598.61191020877, 679.8771456014982
