Configuration - Epochs - Learning rate - Regularization - Momentum - Loss (MSE) - Validation (MEE)
0, 300, 0.08, 8e-05, 0.8, 55.91953217396061, 5.335279638722545
1, 300, 0.08, 8e-05, 0.5, 20.884742315002647, 2.899797765422183
2, 300, 0.08, 8e-05, 0.3, 25.312456815398242, 3.2235594128194847
3, 300, 0.08, 8e-05, 0.1, 12.6203321481586, 2.68216221747822
4, 300, 0.08, 8e-05, 0.08, 13.165476075289892, 2.7299948443138042
5, 300, 0.08, 8e-05, 0.05, 15.324315027870487, 2.9053619438337703
6, 300, 0.08, 8e-05, 0.03, 15.109852689799089, 2.9302292096099345
7, 300, 0.08, 8e-05, 0.01, 13.73890162339931, 2.969248097087935
8, 300, 0.08, 5e-05, 0.8, 79.01057103673948, 5.062905660150266
9, 300, 0.08, 5e-05, 0.5, 20.84307715336432, 3.008151994339222
10, 300, 0.08, 5e-05, 0.3, 11.78369506818672, 2.4886557773329896
11, 300, 0.08, 5e-05, 0.1, 18.12947695061579, 2.9940039748181153
12, 300, 0.08, 5e-05, 0.08, 16.293501528757325, 3.1422457058119053
13, 300, 0.08, 5e-05, 0.05, 21.49527962814221, 3.4418041939605564
14, 300, 0.08, 5e-05, 0.03, 13.019577348795547, 2.672765130814964
15, 300, 0.08, 5e-05, 0.01, 15.239026881787382, 2.9754284629454846
16, 300, 0.08, 3e-05, 0.8, 67.66659303271528, 5.686806044827451
17, 300, 0.08, 3e-05, 0.5, 23.177008964876105, 3.2122636304581724
18, 300, 0.08, 3e-05, 0.3, 23.101162220483822, 3.412491251200617
19, 300, 0.08, 3e-05, 0.1, 14.541965050781338, 2.7158811985202616
20, 300, 0.08, 3e-05, 0.08, 19.11600015989424, 3.0798197941743437
21, 300, 0.08, 3e-05, 0.05, 15.636304415659584, 2.935651273125946
22, 300, 0.08, 3e-05, 0.03, 15.618416221220553, 2.8706137974104555
23, 300, 0.08, 3e-05, 0.01, 17.62242427095514, 3.0883021918035167
24, 300, 0.08, 1e-05, 0.8, 57.6482235031656, 5.4229361282366515
25, 300, 0.08, 1e-05, 0.5, 12.945422993360783, 2.553487937000645
26, 300, 0.08, 1e-05, 0.3, 11.238891059452522, 2.4752453525683853
27, 300, 0.08, 1e-05, 0.1, 9.558070558474949, 2.5533895104469284
28, 300, 0.08, 1e-05, 0.08, 12.351712388444236, 2.4879750708825825
29, 300, 0.08, 1e-05, 0.05, 21.538519131059953, 3.3974972830886982
30, 300, 0.08, 1e-05, 0.03, 21.493163229458638, 3.3516533374527855
31, 300, 0.08, 1e-05, 0.01, 26.567901519254058, 3.7311046120088585
32, 300, 0.05, 8e-05, 0.8, 30.532718320866728, 3.554518165134944
33, 300, 0.05, 8e-05, 0.5, 10.151515844809628, 2.3793311650329185
34, 300, 0.05, 8e-05, 0.3, 7.803839037497026, 2.1864431481849382
35, 300, 0.05, 8e-05, 0.1, 6.988114018964846, 2.240580352506647
36, 300, 0.05, 8e-05, 0.08, 7.375283595460931, 2.2190490556461215
37, 300, 0.05, 8e-05, 0.05, 8.998846767074207, 2.2065580169757206
38, 300, 0.05, 8e-05, 0.03, 9.127742824465923, 2.2814775496572652
39, 300, 0.05, 8e-05, 0.01, 7.408368925899479, 2.318633448068028
40, 300, 0.05, 5e-05, 0.8, 38.192964108091324, 3.898424108859942
41, 300, 0.05, 5e-05, 0.5, 10.658296614729185, 2.273351401450155
42, 300, 0.05, 5e-05, 0.3, 7.675889172272212, 2.189718299873563
43, 300, 0.05, 5e-05, 0.1, 7.333644905146537, 2.2305893743338703
44, 300, 0.05, 5e-05, 0.08, 7.007913115279274, 2.2670684338753393
45, 300, 0.05, 5e-05, 0.05, 8.793835920551974, 2.2052789445672367
46, 300, 0.05, 5e-05, 0.03, 7.218335603083089, 2.2529389759899905
47, 300, 0.05, 5e-05, 0.01, 8.04012376580148, 2.285752589895628
48, 300, 0.05, 3e-05, 0.8, 41.91253687157007, 3.949118119660972
49, 300, 0.05, 3e-05, 0.5, 10.901522912701909, 2.3496610903325315
50, 300, 0.05, 3e-05, 0.3, 7.53455562879954, 2.2434368833059337
51, 300, 0.05, 3e-05, 0.1, 7.147565557557767, 2.2064355362049293
52, 300, 0.05, 3e-05, 0.08, 7.358038690519519, 2.2369449221998265
53, 300, 0.05, 3e-05, 0.05, 7.390748546800225, 2.2638198990836123
54, 300, 0.05, 3e-05, 0.03, 7.484900489872873, 2.244954858411736
55, 300, 0.05, 3e-05, 0.01, 7.042225890510319, 2.2321213351027795
56, 300, 0.05, 1e-05, 0.8, 24.4300654589689, 3.124307894064604
57, 300, 0.05, 1e-05, 0.5, 10.469445317992303, 2.356561506796509
58, 300, 0.05, 1e-05, 0.3, 7.969937348593957, 2.2732984754919925
59, 300, 0.05, 1e-05, 0.1, 8.332273640139324, 2.2884838329417017
60, 300, 0.05, 1e-05, 0.08, 7.331196969186512, 2.213077899986547
61, 300, 0.05, 1e-05, 0.05, 7.620622836972984, 2.208448486191428
62, 300, 0.05, 1e-05, 0.03, 7.659171922277325, 2.301308243360526
63, 300, 0.05, 1e-05, 0.01, 8.258719395352374, 2.2220144113215077
64, 300, 0.03, 8e-05, 0.8, 22.583230238673742, 3.148937973979519
65, 300, 0.03, 8e-05, 0.5, 9.826485497165544, 2.5037954151460524
66, 300, 0.03, 8e-05, 0.3, 8.718079700474323, 2.4530735527132435
67, 300, 0.03, 8e-05, 0.1, 7.786396131070392, 2.3677243201045917
68, 300, 0.03, 8e-05, 0.08, 7.977292486737943, 2.281158205207688
69, 300, 0.03, 8e-05, 0.05, 7.684090429794597, 2.4501580271100876
70, 300, 0.03, 8e-05, 0.03, 7.6736618455579855, 2.3718116170446057
71, 300, 0.03, 8e-05, 0.01, 7.396141662278896, 2.365697729474767
72, 300, 0.03, 5e-05, 0.8, 20.64886965800481, 3.220429106383282
73, 300, 0.03, 5e-05, 0.5, 10.157848859915891, 2.5128997592055926
74, 300, 0.03, 5e-05, 0.3, 8.153169616045101, 2.382454289247253
75, 300, 0.03, 5e-05, 0.1, 7.199402456086782, 2.3276629018562867
76, 300, 0.03, 5e-05, 0.08, 7.686726301948669, 2.345383022556203
77, 300, 0.03, 5e-05, 0.05, 7.441954061058444, 2.360207514000085
78, 300, 0.03, 5e-05, 0.03, 7.036291823881176, 2.2915553045384667
79, 300, 0.03, 5e-05, 0.01, 7.642350018928285, 2.2630776406528774
80, 300, 0.03, 3e-05, 0.8, 21.289537971010315, 3.19282024456398
81, 300, 0.03, 3e-05, 0.5, 10.549580448293488, 2.577243605316741
82, 300, 0.03, 3e-05, 0.3, 8.219292727920651, 2.442658977824534
83, 300, 0.03, 3e-05, 0.1, 7.4900895943999375, 2.350129891868221
84, 300, 0.03, 3e-05, 0.08, 7.2954477066247305, 2.287176349457283
85, 300, 0.03, 3e-05, 0.05, 8.106832337208449, 2.366282002604871
86, 300, 0.03, 3e-05, 0.03, 7.407887025151185, 2.357382806234395
87, 300, 0.03, 3e-05, 0.01, 7.2453703485354755, 2.362574185257768
88, 300, 0.03, 1e-05, 0.8, 24.700146599306642, 3.4071887844426785
89, 300, 0.03, 1e-05, 0.5, 10.982339271802157, 2.4596758760422546
90, 300, 0.03, 1e-05, 0.3, 8.354535196683793, 2.379577549928139
91, 300, 0.03, 1e-05, 0.1, 7.751285914355909, 2.346559754845823
92, 300, 0.03, 1e-05, 0.08, 7.689746935810487, 2.3271288860296524
93, 300, 0.03, 1e-05, 0.05, 7.340050136908853, 2.3119958869761614
94, 300, 0.03, 1e-05, 0.03, 7.4333217508053675, 2.29786730049382
95, 300, 0.03, 1e-05, 0.01, 7.340559064932462, 2.360692980507989
96, 300, 0.01, 8e-05, 0.8, 30.637549697945794, 4.608121831353939
97, 300, 0.01, 8e-05, 0.5, 23.099489369823225, 4.128033686696644
98, 300, 0.01, 8e-05, 0.3, 20.773475084797752, 3.8856336226288235
99, 300, 0.01, 8e-05, 0.1, 15.15895643392103, 3.3649227431919777
100, 300, 0.01, 8e-05, 0.08, 17.15989659325114, 3.5419677101347276
101, 300, 0.01, 8e-05, 0.05, 14.93029674649436, 3.355814207232366
102, 300, 0.01, 8e-05, 0.03, 17.285918195563013, 3.6193861422788793
103, 300, 0.01, 8e-05, 0.01, 15.47913156184681, 3.4018913229945227
104, 300, 0.01, 5e-05, 0.8, 30.10503711712846, 4.5209830662484425
105, 300, 0.01, 5e-05, 0.5, 23.55374600178798, 4.14944521463655
106, 300, 0.01, 5e-05, 0.3, 19.315424187873436, 3.8226097392444274
107, 300, 0.01, 5e-05, 0.1, 19.884110270789822, 3.842633437498661
108, 300, 0.01, 5e-05, 0.08, 16.903451278706306, 3.533104204979061
109, 300, 0.01, 5e-05, 0.05, 15.687562123752219, 3.429161110617636
110, 300, 0.01, 5e-05, 0.03, 15.293418945457068, 3.37278242342817
111, 300, 0.01, 5e-05, 0.01, 15.207965440860722, 3.293615238096384
112, 300, 0.01, 3e-05, 0.8, 31.957137171135194, 4.707093282980172
113, 300, 0.01, 3e-05, 0.5, 22.454890477369396, 4.0558363940936015
114, 300, 0.01, 3e-05, 0.3, 19.55932866387093, 3.7752414237631156
115, 300, 0.01, 3e-05, 0.1, 18.207600481202242, 3.664137869571218
116, 300, 0.01, 3e-05, 0.08, 17.113204985422723, 3.5775202047161274
117, 300, 0.01, 3e-05, 0.05, 16.082160110380613, 3.3801443873268298
118, 300, 0.01, 3e-05, 0.03, 15.141320784691754, 3.294403975960479
119, 300, 0.01, 3e-05, 0.01, 15.616529219378418, 3.3666445658290263
120, 300, 0.01, 1e-05, 0.8, 32.39438832177941, 4.704508542699477
121, 300, 0.01, 1e-05, 0.5, 25.349987736122205, 4.301662648780323
122, 300, 0.01, 1e-05, 0.3, 21.30731278184667, 3.9047763857384403
123, 300, 0.01, 1e-05, 0.1, 15.641467536076329, 3.3887576465079645
124, 300, 0.01, 1e-05, 0.08, 15.89374931941867, 3.4604259568372036
125, 300, 0.01, 1e-05, 0.05, 16.316646707098442, 3.450353584504403
126, 300, 0.01, 1e-05, 0.03, 17.002558529465137, 3.530674697973713
127, 300, 0.01, 1e-05, 0.01, 15.867478207006451, 3.4043765191664876
128, 300, 0.008, 8e-05, 0.8, 33.58067352844568, 4.890984892793652
129, 300, 0.008, 8e-05, 0.5, 28.03568844501786, 4.557001680769619
130, 300, 0.008, 8e-05, 0.3, 24.348313935959773, 4.223357470227361
131, 300, 0.008, 8e-05, 0.1, 20.747349485328385, 3.8893518454301104
132, 300, 0.008, 8e-05, 0.08, 20.778079573779202, 3.886290395714924
133, 300, 0.008, 8e-05, 0.05, 19.00587314890145, 3.724419041063135
134, 300, 0.008, 8e-05, 0.03, 20.141049127385525, 3.84691924375553
135, 300, 0.008, 8e-05, 0.01, 19.284753368886335, 3.7070275301254725
136, 300, 0.008, 5e-05, 0.8, 35.541417125720216, 4.957895052729862
137, 300, 0.008, 5e-05, 0.5, 29.45608788695326, 4.667562282346633
138, 300, 0.008, 5e-05, 0.3, 24.623819079867012, 4.306791497778567
139, 300, 0.008, 5e-05, 0.1, 20.84387181434378, 3.924175683555201
140, 300, 0.008, 5e-05, 0.08, 21.280033073913586, 3.953721499280051
141, 300, 0.008, 5e-05, 0.05, 18.600723917022403, 3.7137714311286905
142, 300, 0.008, 5e-05, 0.03, 21.735536601111967, 4.019066952472834
143, 300, 0.008, 5e-05, 0.01, 20.031315301453628, 3.8975608468328473
144, 300, 0.008, 3e-05, 0.8, 34.2308457195635, 4.904680244074169
145, 300, 0.008, 3e-05, 0.5, 27.97778551614478, 4.526565211434311
146, 300, 0.008, 3e-05, 0.3, 24.79735982205485, 4.267239768365959
147, 300, 0.008, 3e-05, 0.1, 19.91295745145429, 3.870282645478946
148, 300, 0.008, 3e-05, 0.08, 22.78899651724012, 4.098917316212544
149, 300, 0.008, 3e-05, 0.05, 19.416088034504163, 3.7926025471762075
150, 300, 0.008, 3e-05, 0.03, 19.024726767269353, 3.6970149675672195
151, 300, 0.008, 3e-05, 0.01, 21.618773698488074, 3.9632351620975337
152, 300, 0.008, 1e-05, 0.8, 35.195702342542205, 4.889455838897312
153, 300, 0.008, 1e-05, 0.5, 28.2652692121005, 4.514781347651897
154, 300, 0.008, 1e-05, 0.3, 26.85066334137456, 4.460222382074706
155, 300, 0.008, 1e-05, 0.1, 23.02912602675799, 4.116822288653674
156, 300, 0.008, 1e-05, 0.08, 21.850633512644034, 4.066820298715342
157, 300, 0.008, 1e-05, 0.05, 20.09774784024896, 3.8747601747573532
158, 300, 0.008, 1e-05, 0.03, 19.92478920830215, 3.8405089428495365
159, 300, 0.008, 1e-05, 0.01, 20.118496333956692, 3.838811814741625
160, 300, 0.005, 8e-05, 0.8, 42.831682759131205, 5.346463210966201
161, 300, 0.005, 8e-05, 0.5, 37.167349860891534, 5.1117725196443855
162, 300, 0.005, 8e-05, 0.3, 32.11404394229127, 4.817044105291562
163, 300, 0.005, 8e-05, 0.1, 26.202744233846772, 4.375688122184026
164, 300, 0.005, 8e-05, 0.08, 28.164235831569755, 4.529310776969384
165, 300, 0.005, 8e-05, 0.05, 30.28973886798537, 4.711010959492802
166, 300, 0.005, 8e-05, 0.03, 28.90001900897544, 4.554665558470479
167, 300, 0.005, 8e-05, 0.01, 26.821480165840008, 4.414640941213484
168, 300, 0.005, 5e-05, 0.8, 43.54846542280278, 5.372421738070249
169, 300, 0.005, 5e-05, 0.5, 37.7544443701435, 5.132002257652001
170, 300, 0.005, 5e-05, 0.3, 32.6891153124294, 4.777735986676513
171, 300, 0.005, 5e-05, 0.1, 31.01168292765948, 4.747205736745698
172, 300, 0.005, 5e-05, 0.08, 28.800631988229714, 4.602258167566039
173, 300, 0.005, 5e-05, 0.05, 31.56197345695876, 4.795691797555348
174, 300, 0.005, 5e-05, 0.03, 27.78297969306077, 4.557810801946443
175, 300, 0.005, 5e-05, 0.01, 27.837219344358346, 4.504997452876344
176, 300, 0.005, 3e-05, 0.8, 42.5245419800482, 5.336486019907861
177, 300, 0.005, 3e-05, 0.5, 39.066880147232666, 5.2312951077815
178, 300, 0.005, 3e-05, 0.3, 35.092255112144834, 4.993909499100544
179, 300, 0.005, 3e-05, 0.1, 29.260405819498963, 4.628296594973266
180, 300, 0.005, 3e-05, 0.08, 30.66266444241537, 4.6754757896468115
181, 300, 0.005, 3e-05, 0.05, 28.756004224136824, 4.570598160177749
182, 300, 0.005, 3e-05, 0.03, 31.16778336890829, 4.748139992192027
183, 300, 0.005, 3e-05, 0.01, 29.564443884294594, 4.5987142730470385
184, 300, 0.005, 1e-05, 0.8, 42.80503424425379, 5.3562685547068565
185, 300, 0.005, 1e-05, 0.5, 38.066869701434335, 5.161874445893733
186, 300, 0.005, 1e-05, 0.3, 33.14190240408722, 4.846434066769154
187, 300, 0.005, 1e-05, 0.1, 32.063668885651516, 4.839967564715993
188, 300, 0.005, 1e-05, 0.08, 31.935937881822007, 4.796552370341658
189, 300, 0.005, 1e-05, 0.05, 28.543709623599238, 4.538123369110086
190, 300, 0.005, 1e-05, 0.03, 27.677077802225018, 4.500649816908174
191, 300, 0.005, 1e-05, 0.01, 27.140660557398057, 4.472863288198893
192, 300, 0.003, 8e-05, 0.8, 52.077349823609666, 5.793780326794462
193, 300, 0.003, 8e-05, 0.5, 48.070609102548914, 5.584385640702109
194, 300, 0.003, 8e-05, 0.3, 44.581812847836446, 5.462453695647689
195, 300, 0.003, 8e-05, 0.1, 41.59865352484512, 5.288710277665954
196, 300, 0.003, 8e-05, 0.08, 38.94693031843882, 5.237824200418266
197, 300, 0.003, 8e-05, 0.05, 39.22551897492207, 5.187452595476568
198, 300, 0.003, 8e-05, 0.03, 38.0574363277293, 5.145951048259161
199, 300, 0.003, 8e-05, 0.01, 39.0504947240138, 5.167233998386888
200, 300, 0.003, 5e-05, 0.8, 54.1973053628613, 5.879094076214331
201, 300, 0.003, 5e-05, 0.5, 47.577062914081225, 5.5715843900568505
202, 300, 0.003, 5e-05, 0.3, 42.973764505487964, 5.434322219430878
203, 300, 0.003, 5e-05, 0.1, 41.47140995419137, 5.340307929309353
204, 300, 0.003, 5e-05, 0.08, 37.905681083212265, 5.1075827088893515
205, 300, 0.003, 5e-05, 0.05, 38.94747986971897, 5.2356469116267395
206, 300, 0.003, 5e-05, 0.03, 38.58502319182748, 5.171908117515495
207, 300, 0.003, 5e-05, 0.01, 40.95280796164123, 5.262365314231099
208, 300, 0.003, 3e-05, 0.8, 51.26908429084242, 5.760097347961695
209, 300, 0.003, 3e-05, 0.5, 47.11212001997852, 5.587051912297868
210, 300, 0.003, 3e-05, 0.3, 46.762683795980074, 5.5196879604191675
211, 300, 0.003, 3e-05, 0.1, 38.401371557353215, 5.149708552919289
212, 300, 0.003, 3e-05, 0.08, 38.361237130542, 5.149011290923455
213, 300, 0.003, 3e-05, 0.05, 39.86806193233336, 5.236254961529526
214, 300, 0.003, 3e-05, 0.03, 37.67879836448397, 5.138413779068232
215, 300, 0.003, 3e-05, 0.01, 37.06146397059153, 5.088848756610941
216, 300, 0.003, 1e-05, 0.8, 53.74078614599324, 5.85241886379472
217, 300, 0.003, 1e-05, 0.5, 47.296340868044645, 5.560369641642692
218, 300, 0.003, 1e-05, 0.3, 41.02972387327064, 5.2961228838741246
219, 300, 0.003, 1e-05, 0.1, 40.31750869566555, 5.264479653400117
220, 300, 0.003, 1e-05, 0.08, 41.58211895833262, 5.391746426927955
221, 300, 0.003, 1e-05, 0.05, 39.85156375791519, 5.1789377688119895
222, 300, 0.003, 1e-05, 0.03, 37.950471594944965, 5.148345956215034
223, 300, 0.003, 1e-05, 0.01, 38.682327570695506, 5.197181880110606
224, 300, 0.001, 8e-05, 0.8, 225.95716516925745, 11.835174007626682
225, 300, 0.001, 8e-05, 0.5, 187.6827518981688, 10.540480221662836
226, 300, 0.001, 8e-05, 0.3, 132.90639925092336, 8.696940645697861
227, 300, 0.001, 8e-05, 0.1, 120.95032315025874, 8.197468805475069
228, 300, 0.001, 8e-05, 0.08, 115.782437062991, 8.150538379034762
229, 300, 0.001, 8e-05, 0.05, 104.11484420698976, 7.618528297072674
230, 300, 0.001, 8e-05, 0.03, 105.71092823249958, 7.651717588909541
231, 300, 0.001, 8e-05, 0.01, 103.1704038910672, 7.645174785712666
232, 300, 0.001, 5e-05, 0.8, 218.9355668712861, 11.745535999543353
233, 300, 0.001, 5e-05, 0.5, 188.81539383432758, 10.704979390104052
234, 300, 0.001, 5e-05, 0.3, 146.91601257427976, 9.049890542092422
235, 300, 0.001, 5e-05, 0.1, 121.4842354350734, 8.354561221661012
236, 300, 0.001, 5e-05, 0.08, 128.70570841164118, 8.605463742997589
237, 300, 0.001, 5e-05, 0.05, 118.49965258085149, 8.092742596266557
238, 300, 0.001, 5e-05, 0.03, 103.78911325067577, 7.643269234678644
239, 300, 0.001, 5e-05, 0.01, 107.22917178847945, 7.772504632006107
240, 300, 0.001, 3e-05, 0.8, 217.36301722817015, 11.700203657967075
241, 300, 0.001, 3e-05, 0.5, 169.8119026926882, 10.022242895678222
242, 300, 0.001, 3e-05, 0.3, 157.1033426889302, 9.460838336409424
243, 300, 0.001, 3e-05, 0.1, 128.6007789094256, 8.51739186913142
244, 300, 0.001, 3e-05, 0.08, 119.21741420255508, 8.172623245726474
245, 300, 0.001, 3e-05, 0.05, 116.75374914216077, 8.139423676889036
246, 300, 0.001, 3e-05, 0.03, 115.70318222087276, 8.13010438710827
247, 300, 0.001, 3e-05, 0.01, 104.60146624974205, 7.671711516621253
248, 300, 0.001, 1e-05, 0.8, 224.09848721710804, 11.826762726127038
249, 300, 0.001, 1e-05, 0.5, 203.23132893960044, 11.09688032577094
250, 300, 0.001, 1e-05, 0.3, 149.69351132908366, 9.140429324606115
251, 300, 0.001, 1e-05, 0.1, 117.71737336992325, 8.101358409203176
252, 300, 0.001, 1e-05, 0.08, 124.9942120628028, 8.270964337693874
253, 300, 0.001, 1e-05, 0.05, 116.2640527315073, 8.04709712767123
254, 300, 0.001, 1e-05, 0.03, 118.1008037789858, 8.064335487281037
255, 300, 0.001, 1e-05, 0.01, 111.04976867353166, 7.8680461456701325
256, 600, 0.08, 8e-05, 0.8, 57.961215721127566, 4.27506404952601
257, 600, 0.08, 8e-05, 0.5, 16.17054348911732, 2.813056218448222
258, 600, 0.08, 8e-05, 0.3, 9.688543550816899, 2.344771456340843
259, 600, 0.08, 8e-05, 0.1, 8.898670867137525, 2.389389096080693
260, 600, 0.08, 8e-05, 0.08, 9.134879671826349, 2.3854363030236465
261, 600, 0.08, 8e-05, 0.05, 10.819785129431082, 2.657414007967179
262, 600, 0.08, 8e-05, 0.03, 10.216115525295427, 2.5763679526472627
263, 600, 0.08, 8e-05, 0.01, 17.457532841208366, 3.0967343409503374
264, 600, 0.08, 5e-05, 0.8, 49.526984056737945, 4.99579266942438
265, 600, 0.08, 5e-05, 0.5, 16.76501999458368, 2.8467639109357643
266, 600, 0.08, 5e-05, 0.3, 11.605320481269327, 2.3991436491236278
267, 600, 0.08, 5e-05, 0.1, 10.005047355342807, 2.4918691719712602
268, 600, 0.08, 5e-05, 0.08, 20.024796664225846, 3.1717455330232305
269, 600, 0.08, 5e-05, 0.05, 10.668473068859209, 2.5690788110614973
270, 600, 0.08, 5e-05, 0.03, 16.412103413535586, 3.0049285767520386
271, 600, 0.08, 5e-05, 0.01, 17.17161513412163, 3.053273587719892
272, 600, 0.08, 3e-05, 0.8, 60.93301423771578, 4.6251684726373465
273, 600, 0.08, 3e-05, 0.5, 11.266034646311565, 2.457240140946563
274, 600, 0.08, 3e-05, 0.3, 13.636144379640589, 2.6594502594277594
275, 600, 0.08, 3e-05, 0.1, 15.853761630871688, 2.964802618618393
276, 600, 0.08, 3e-05, 0.08, 10.411520965753951, 2.5376921090698077
277, 600, 0.08, 3e-05, 0.05, 12.819610110492963, 2.6709540229064643
278, 600, 0.08, 3e-05, 0.03, 10.074389599593758, 2.544443032323083
279, 600, 0.08, 3e-05, 0.01, 15.22465995151585, 2.891840519520254
280, 600, 0.08, 1e-05, 0.8, 68.22888535523323, 4.744316734247712
281, 600, 0.08, 1e-05, 0.5, 10.650393050600787, 2.406656658097955
282, 600, 0.08, 1e-05, 0.3, 10.258817190324503, 2.270481995935362
283, 600, 0.08, 1e-05, 0.1, 10.332752700137249, 2.506281546929898
284, 600, 0.08, 1e-05, 0.08, 9.905322802880288, 2.3392245068560586
285, 600, 0.08, 1e-05, 0.05, 9.423455585324234, 2.4261544155026398
286, 600, 0.08, 1e-05, 0.03, 19.859385297898637, 3.335130963460447
287, 600, 0.08, 1e-05, 0.01, 16.885510456436457, 3.1229886558299915
288, 600, 0.05, 8e-05, 0.8, 17.07605244782612, 2.6480677996323974
289, 600, 0.05, 8e-05, 0.5, 11.65580472365492, 2.1715815940210144
290, 600, 0.05, 8e-05, 0.3, 6.206097815751225, 2.0890770218861983
291, 600, 0.05, 8e-05, 0.1, 6.192353417543051, 2.1078167634566523
292, 600, 0.05, 8e-05, 0.08, 6.798277089215626, 2.201854116466594
293, 600, 0.05, 8e-05, 0.05, 6.751474874488565, 2.1386672305569667
294, 600, 0.05, 8e-05, 0.03, 7.14473330891798, 2.2302375408149944
295, 600, 0.05, 8e-05, 0.01, 6.574344566873748, 2.254456717179404
296, 600, 0.05, 5e-05, 0.8, 17.05070637835937, 2.5557195651606577
297, 600, 0.05, 5e-05, 0.5, 8.287314038781995, 2.1644844267893473
298, 600, 0.05, 5e-05, 0.3, 7.929634756481207, 2.152924795035905
299, 600, 0.05, 5e-05, 0.1, 6.5810814951901975, 2.082279364353586
300, 600, 0.05, 5e-05, 0.08, 6.809027734632298, 2.214964535681855
301, 600, 0.05, 5e-05, 0.05, 6.797075656714881, 2.1310752031067475
302, 600, 0.05, 5e-05, 0.03, 7.038599781443999, 2.159323756619602
303, 600, 0.05, 5e-05, 0.01, 6.9737754856879, 2.216363512387532
304, 600, 0.05, 3e-05, 0.8, 24.390526228236975, 2.7509020859467364
305, 600, 0.05, 3e-05, 0.5, 7.718495928247927, 2.137845618898463
306, 600, 0.05, 3e-05, 0.3, 7.552325437311507, 2.1146211334745795
307, 600, 0.05, 3e-05, 0.1, 6.42592532666845, 2.103604351767911
308, 600, 0.05, 3e-05, 0.08, 6.48428625704495, 2.0905807993828693
309, 600, 0.05, 3e-05, 0.05, 6.781993513874623, 2.1737369267257742
310, 600, 0.05, 3e-05, 0.03, 6.553304175077413, 2.175222708071548
311, 600, 0.05, 3e-05, 0.01, 6.943394077534492, 2.1855091033513574
312, 600, 0.05, 1e-05, 0.8, 20.549602689803866, 2.889803775624334
313, 600, 0.05, 1e-05, 0.5, 8.152138045574874, 2.0964036865656435
314, 600, 0.05, 1e-05, 0.3, 7.304552957285888, 2.1240003110720806
315, 600, 0.05, 1e-05, 0.1, 6.731023762165189, 2.1383169774382362
316, 600, 0.05, 1e-05, 0.08, 6.195502444067098, 2.1213176126622058
317, 600, 0.05, 1e-05, 0.05, 6.300422954138795, 2.1108262002637197
318, 600, 0.05, 1e-05, 0.03, 6.480310159323642, 2.1879411915721247
319, 600, 0.05, 1e-05, 0.01, 7.110274016850106, 2.200585475643409
320, 600, 0.03, 8e-05, 0.8, 13.413101000567343, 2.4441497143676765
321, 600, 0.03, 8e-05, 0.5, 6.849230874675905, 2.1950806057430987
322, 600, 0.03, 8e-05, 0.3, 8.545194737756464, 2.0989609400570886
323, 600, 0.03, 8e-05, 0.1, 6.088821489768688, 2.113813834545277
324, 600, 0.03, 8e-05, 0.08, 6.075228473633535, 2.1987915466321253
325, 600, 0.03, 8e-05, 0.05, 5.817966319457119, 2.133438106850767
326, 600, 0.03, 8e-05, 0.03, 6.212285129689959, 2.204267436815333
327, 600, 0.03, 8e-05, 0.01, 5.996386371538487, 2.1754335307757926
328, 600, 0.03, 5e-05, 0.8, 12.101045215574512, 2.44179554658568
329, 600, 0.03, 5e-05, 0.5, 8.684548556764172, 2.1379233452464974
330, 600, 0.03, 5e-05, 0.3, 6.570062015077298, 2.1070789548050435
331, 600, 0.03, 5e-05, 0.1, 6.082311203440143, 2.1939451889325774
332, 600, 0.03, 5e-05, 0.08, 6.071005493484604, 2.1551970833447465
333, 600, 0.03, 5e-05, 0.05, 5.912322125032103, 2.162358419566408
334, 600, 0.03, 5e-05, 0.03, 6.294403415592655, 2.1482881472192803
335, 600, 0.03, 5e-05, 0.01, 6.149881411617647, 2.162743002454678
336, 600, 0.03, 3e-05, 0.8, 13.022998902621401, 2.456880933297343
337, 600, 0.03, 3e-05, 0.5, 7.165583724363796, 2.199831705866896
338, 600, 0.03, 3e-05, 0.3, 6.337262025371226, 2.1418936963002424
339, 600, 0.03, 3e-05, 0.1, 6.324541296422412, 2.1275375842044992
340, 600, 0.03, 3e-05, 0.08, 5.984385496823095, 2.138977233167661
341, 600, 0.03, 3e-05, 0.05, 5.920489957711434, 2.0869841690084248
342, 600, 0.03, 3e-05, 0.03, 6.009648979313821, 2.1535031724744997
343, 600, 0.03, 3e-05, 0.01, 6.366488301772416, 2.1933817801478925
344, 600, 0.03, 1e-05, 0.8, 11.360500689862873, 2.3644888441767185
345, 600, 0.03, 1e-05, 0.5, 7.619171283057691, 2.146963001533402
346, 600, 0.03, 1e-05, 0.3, 6.657973345479417, 2.0937364648577015
347, 600, 0.03, 1e-05, 0.1, 5.986841844314144, 2.093826687651075
348, 600, 0.03, 1e-05, 0.08, 5.932373062638115, 2.124256255540174
349, 600, 0.03, 1e-05, 0.05, 6.144442393950536, 2.1147166087639677
350, 600, 0.03, 1e-05, 0.03, 6.023146985558045, 2.145264570799415
351, 600, 0.03, 1e-05, 0.01, 6.076782655768101, 2.151676314500843
352, 600, 0.01, 8e-05, 0.8, 15.758095264418404, 3.2820147238749646
353, 600, 0.01, 8e-05, 0.5, 12.524594020926415, 3.005899380418017
354, 600, 0.01, 8e-05, 0.3, 10.167546229328517, 2.726677396914648
355, 600, 0.01, 8e-05, 0.1, 8.253337836733893, 2.529233090950618
356, 600, 0.01, 8e-05, 0.08, 9.13563929635475, 2.704463633873384
357, 600, 0.01, 8e-05, 0.05, 8.995610227425994, 2.5916605506332457
358, 600, 0.01, 8e-05, 0.03, 9.252968411637976, 2.64221499811043
359, 600, 0.01, 8e-05, 0.01, 8.15623076226979, 2.4927304266815806
360, 600, 0.01, 5e-05, 0.8, 16.50160540944433, 3.3210164444562897
361, 600, 0.01, 5e-05, 0.5, 12.5694648452529, 3.0254048248217247
362, 600, 0.01, 5e-05, 0.3, 10.121267183274373, 2.7339696066308576
363, 600, 0.01, 5e-05, 0.1, 9.527951387752333, 2.7177560622732555
364, 600, 0.01, 5e-05, 0.08, 9.606271227130822, 2.684200095784741
365, 600, 0.01, 5e-05, 0.05, 8.536868000204638, 2.4874230350367523
366, 600, 0.01, 5e-05, 0.03, 8.783411947634091, 2.560468582360537
367, 600, 0.01, 5e-05, 0.01, 8.472246807882524, 2.5678134702904214
368, 600, 0.01, 3e-05, 0.8, 15.775592926087919, 3.2540263122332065
369, 600, 0.01, 3e-05, 0.5, 12.595440322189654, 3.0193523737809276
370, 600, 0.01, 3e-05, 0.3, 9.614781214857643, 2.5934877296076055
371, 600, 0.01, 3e-05, 0.1, 9.05051502985027, 2.5506651001023566
372, 600, 0.01, 3e-05, 0.08, 8.776357836083381, 2.5621575223772295
373, 600, 0.01, 3e-05, 0.05, 8.322411234330065, 2.5367707021041506
374, 600, 0.01, 3e-05, 0.03, 8.956507154186124, 2.5993063192638295
375, 600, 0.01, 3e-05, 0.01, 8.689345886430582, 2.532879439383918
376, 600, 0.01, 1e-05, 0.8, 15.85481329851443, 3.2022274071732597
377, 600, 0.01, 1e-05, 0.5, 11.31615560622916, 2.8981899330966447
378, 600, 0.01, 1e-05, 0.3, 10.156217381963515, 2.759739187899419
379, 600, 0.01, 1e-05, 0.1, 9.831792725028025, 2.6460125613000622
380, 600, 0.01, 1e-05, 0.08, 8.670605356571361, 2.5697616292054506
381, 600, 0.01, 1e-05, 0.05, 9.192894635618769, 2.6220947676937767
382, 600, 0.01, 1e-05, 0.03, 8.769415000864074, 2.578391938037533
383, 600, 0.01, 1e-05, 0.01, 8.483545015192572, 2.492766632321218
384, 600, 0.008, 8e-05, 0.8, 20.277032177428488, 3.8284707955047352
385, 600, 0.008, 8e-05, 0.5, 16.194732035132926, 3.3980627870630338
386, 600, 0.008, 8e-05, 0.3, 12.430362545297827, 3.009092966450804
387, 600, 0.008, 8e-05, 0.1, 10.601301557138495, 2.8569747020180185
388, 600, 0.008, 8e-05, 0.08, 11.322223354554186, 2.885859447358062
389, 600, 0.008, 8e-05, 0.05, 11.994901142958614, 2.951333804269192
390, 600, 0.008, 8e-05, 0.03, 9.646465433312162, 2.701758567727373
391, 600, 0.008, 8e-05, 0.01, 9.37452372407111, 2.668983206156035
392, 600, 0.008, 5e-05, 0.8, 19.66467003526118, 3.674871608234514
393, 600, 0.008, 5e-05, 0.5, 15.115236067738332, 3.3159636735130804
394, 600, 0.008, 5e-05, 0.3, 13.026515599631958, 3.1240972576295087
395, 600, 0.008, 5e-05, 0.1, 9.787170531331183, 2.665887577545009
396, 600, 0.008, 5e-05, 0.08, 10.326230851115927, 2.7767206055851923
397, 600, 0.008, 5e-05, 0.05, 10.049663530381476, 2.720968746326463
398, 600, 0.008, 5e-05, 0.03, 10.397903326351924, 2.7727930428199494
399, 600, 0.008, 5e-05, 0.01, 10.148575682864465, 2.7529405211268143
400, 600, 0.008, 3e-05, 0.8, 20.901865680695032, 3.7713260797487083
401, 600, 0.008, 3e-05, 0.5, 15.362194964002118, 3.3339874155054083
402, 600, 0.008, 3e-05, 0.3, 13.641900350692286, 3.1453780666869418
403, 600, 0.008, 3e-05, 0.1, 11.770953440201065, 2.9158801215710795
404, 600, 0.008, 3e-05, 0.08, 11.283965694315908, 2.8991852027815943
405, 600, 0.008, 3e-05, 0.05, 11.222932775434938, 2.865324728950083
406, 600, 0.008, 3e-05, 0.03, 9.951883339207125, 2.7847229558912385
407, 600, 0.008, 3e-05, 0.01, 9.81775257923068, 2.7754203284465033
408, 600, 0.008, 1e-05, 0.8, 21.0775143712287, 3.8266154977237354
409, 600, 0.008, 1e-05, 0.5, 14.681600643225602, 3.2755280206681974
410, 600, 0.008, 1e-05, 0.3, 12.791427820104392, 3.0527463454320447
411, 600, 0.008, 1e-05, 0.1, 11.563804297052462, 2.9320801423165364
412, 600, 0.008, 1e-05, 0.08, 10.595718153824873, 2.8002101758713556
413, 600, 0.008, 1e-05, 0.05, 10.780812846754406, 2.803038241445814
414, 600, 0.008, 1e-05, 0.03, 10.216591447565175, 2.7291603886466604
415, 600, 0.008, 1e-05, 0.01, 12.516558768676536, 3.0366902577090493
416, 600, 0.005, 8e-05, 0.8, 30.422196366755124, 4.703208368922085
417, 600, 0.005, 8e-05, 0.5, 23.69725520131532, 4.172709575098378
418, 600, 0.005, 8e-05, 0.3, 19.38936670499156, 3.7610608984491924
419, 600, 0.005, 8e-05, 0.1, 15.105249471292472, 3.323500854439034
420, 600, 0.005, 8e-05, 0.08, 15.925884133343862, 3.412761685338386
421, 600, 0.005, 8e-05, 0.05, 16.130177145330833, 3.4397931811207627
422, 600, 0.005, 8e-05, 0.03, 14.048243431337573, 3.2113526164269444
423, 600, 0.005, 8e-05, 0.01, 16.016135919080533, 3.425444028695387
424, 600, 0.005, 5e-05, 0.8, 30.701164854518993, 4.707540246838844
425, 600, 0.005, 5e-05, 0.5, 23.299566337792907, 4.125994670283016
426, 600, 0.005, 5e-05, 0.3, 19.52499719859957, 3.765905548865905
427, 600, 0.005, 5e-05, 0.1, 16.396057731983117, 3.511918095427066
428, 600, 0.005, 5e-05, 0.08, 16.344907922415835, 3.4565326613627696
429, 600, 0.005, 5e-05, 0.05, 15.477017590085083, 3.3968942442298404
430, 600, 0.005, 5e-05, 0.03, 15.92495962072528, 3.441029808169135
431, 600, 0.005, 5e-05, 0.01, 14.295361222272115, 3.2316128906195436
432, 600, 0.005, 3e-05, 0.8, 29.860657723406206, 4.675933004052882
433, 600, 0.005, 3e-05, 0.5, 24.738069619932297, 4.249954591123954
434, 600, 0.005, 3e-05, 0.3, 20.330956005474867, 3.8640856445865905
435, 600, 0.005, 3e-05, 0.1, 16.817405356745102, 3.465169405214161
436, 600, 0.005, 3e-05, 0.08, 17.293360947542244, 3.6081732025442683
437, 600, 0.005, 3e-05, 0.05, 16.1868826498942, 3.4089225325021024
438, 600, 0.005, 3e-05, 0.03, 17.503990159951975, 3.5752601831586035
439, 600, 0.005, 3e-05, 0.01, 17.488588806757306, 3.563725123022396
440, 600, 0.005, 1e-05, 0.8, 28.692054593249658, 4.5447180291089655
441, 600, 0.005, 1e-05, 0.5, 22.18242433176862, 4.02257464429958
442, 600, 0.005, 1e-05, 0.3, 19.846062833607757, 3.8214106863041186
443, 600, 0.005, 1e-05, 0.1, 15.842431222460911, 3.43435209698033
444, 600, 0.005, 1e-05, 0.08, 19.299179095277626, 3.7841324385638786
445, 600, 0.005, 1e-05, 0.05, 17.228702522832418, 3.615048052347833
446, 600, 0.005, 1e-05, 0.03, 15.77851281888717, 3.427372372957264
447, 600, 0.005, 1e-05, 0.01, 15.935334099811778, 3.444161549674407
448, 600, 0.003, 8e-05, 0.8, 37.97141452536863, 5.170127150007165
449, 600, 0.003, 8e-05, 0.5, 32.37930296269732, 4.8296825606935245
450, 600, 0.003, 8e-05, 0.3, 29.093754923090437, 4.6148184037407916
451, 600, 0.003, 8e-05, 0.1, 25.92596525680891, 4.387930416403319
452, 600, 0.003, 8e-05, 0.08, 24.69857812003323, 4.298281479281129
453, 600, 0.003, 8e-05, 0.05, 25.663764847609787, 4.366488415504174
454, 600, 0.003, 8e-05, 0.03, 23.5175776143867, 4.151220730108034
455, 600, 0.003, 8e-05, 0.01, 23.59551026688488, 4.191733568507617
456, 600, 0.003, 5e-05, 0.8, 39.74728134828674, 5.226546440804148
457, 600, 0.003, 5e-05, 0.5, 32.71174512300569, 4.7993615222816715
458, 600, 0.003, 5e-05, 0.3, 29.529731356591935, 4.650407123861018
459, 600, 0.003, 5e-05, 0.1, 26.315101253476406, 4.401767587381851
460, 600, 0.003, 5e-05, 0.08, 27.33481900074144, 4.4780842682740944
461, 600, 0.003, 5e-05, 0.05, 24.5750946170671, 4.2906424258386355
462, 600, 0.003, 5e-05, 0.03, 25.36420062599688, 4.3341818896549835
463, 600, 0.003, 5e-05, 0.01, 22.801073371132098, 4.05474440646683
464, 600, 0.003, 3e-05, 0.8, 40.28112417556354, 5.279832323411337
465, 600, 0.003, 3e-05, 0.5, 33.56044467184669, 4.937740761876817
466, 600, 0.003, 3e-05, 0.3, 29.714673888447784, 4.680699190675004
467, 600, 0.003, 3e-05, 0.1, 27.77854955527274, 4.528775110623779
468, 600, 0.003, 3e-05, 0.08, 26.74054856233106, 4.405150285965987
469, 600, 0.003, 3e-05, 0.05, 24.594495889535185, 4.277088538450063
470, 600, 0.003, 3e-05, 0.03, 26.859439744768405, 4.47059988071077
471, 600, 0.003, 3e-05, 0.01, 24.752315989190322, 4.258903063106631
472, 600, 0.003, 1e-05, 0.8, 38.0441125046586, 5.183821164018194
473, 600, 0.003, 1e-05, 0.5, 34.65253987011317, 4.982568018371754
474, 600, 0.003, 1e-05, 0.3, 29.287560489417206, 4.616066704758594
475, 600, 0.003, 1e-05, 0.1, 27.412842113146773, 4.499217311228992
476, 600, 0.003, 1e-05, 0.08, 27.212284238229678, 4.468209910822996
477, 600, 0.003, 1e-05, 0.05, 24.758979528514956, 4.273174023237967
478, 600, 0.003, 1e-05, 0.03, 23.391675431100982, 4.1446605479124985
479, 600, 0.003, 1e-05, 0.01, 25.433404613124434, 4.344755536133133
480, 600, 0.001, 8e-05, 0.8, 77.08201525672561, 6.694037266705344
481, 600, 0.001, 8e-05, 0.5, 60.89350293470509, 6.1465184699057325
482, 600, 0.001, 8e-05, 0.3, 55.29708506803073, 6.00323925264877
483, 600, 0.001, 8e-05, 0.1, 44.553197773754256, 5.528645183501455
484, 600, 0.001, 8e-05, 0.08, 46.77685784052246, 5.606336383155393
485, 600, 0.001, 8e-05, 0.05, 47.11141647183557, 5.6632794451088255
486, 600, 0.001, 8e-05, 0.03, 45.74704656501383, 5.534032918631666
487, 600, 0.001, 8e-05, 0.01, 46.22786467783585, 5.635191366752812
488, 600, 0.001, 5e-05, 0.8, 78.98957147943068, 6.737372737089139
489, 600, 0.001, 5e-05, 0.5, 68.69493170434941, 6.380661130520612
490, 600, 0.001, 5e-05, 0.3, 54.62170435323054, 5.863691138691529
491, 600, 0.001, 5e-05, 0.1, 52.0109845091489, 5.7810913388105565
492, 600, 0.001, 5e-05, 0.08, 48.804973445801394, 5.702129565088108
493, 600, 0.001, 5e-05, 0.05, 48.92957817373951, 5.641177437307568
494, 600, 0.001, 5e-05, 0.03, 44.180818800833606, 5.4167645915455145
495, 600, 0.001, 5e-05, 0.01, 49.25795741937559, 5.626806507241078
496, 600, 0.001, 3e-05, 0.8, 75.11501987021049, 6.6544966074415015
497, 600, 0.001, 3e-05, 0.5, 63.587813394969885, 6.237069280111905
498, 600, 0.001, 3e-05, 0.3, 52.88356004629365, 5.851232032079605
499, 600, 0.001, 3e-05, 0.1, 50.08597257141544, 5.7476098863616905
500, 600, 0.001, 3e-05, 0.08, 55.245316090932896, 5.915926993813946
501, 600, 0.001, 3e-05, 0.05, 52.16028187532923, 5.815701618240039
502, 600, 0.001, 3e-05, 0.03, 45.756182137320316, 5.498017075671209
503, 600, 0.001, 3e-05, 0.01, 45.35116632879188, 5.50061556526366
504, 600, 0.001, 1e-05, 0.8, 72.34306569649104, 6.5001869772309275
505, 600, 0.001, 1e-05, 0.5, 63.21167668904472, 6.168721484761846
506, 600, 0.001, 1e-05, 0.3, 56.297271276198465, 5.953447118823776
507, 600, 0.001, 1e-05, 0.1, 49.526509720347555, 5.659657840837761
508, 600, 0.001, 1e-05, 0.08, 45.69124129269056, 5.486540391278562
509, 600, 0.001, 1e-05, 0.05, 51.94002417879951, 5.793783273075645
510, 600, 0.001, 1e-05, 0.03, 47.04061669616091, 5.617391606885488
511, 600, 0.001, 1e-05, 0.01, 47.26302919172676, 5.550508229389512