0, 300, 0.08, 0.0008, 0.8, 438236.27318637155, 132.21554321476043
1, 300, 0.08, 0.0008, 0.5, 131493.33807710322, 44.61983810700482
2, 300, 0.08, 0.0008, 0.3, 61.230024318554364, 6.599578358919135
3, 300, 0.08, 0.0008, 0.1, 60.50590515403816, 6.554199058071165
4, 300, 0.08, 0.0008, 0.08, 60.60312982067124, 6.693533721664943
5, 300, 0.08, 0.0008, 0.05, 61.24488326704504, 6.671014441115458
6, 300, 0.08, 0.0008, 0.03, 60.75248283444506, 6.653231582287506
7, 300, 0.08, 0.0008, 0.01, 59.50783276534298, 6.594942196583465
8, 300, 0.08, 0.0005, 0.8, 438236.27318637155, 132.39419420732028
9, 300, 0.08, 0.0005, 0.5, 87981.03499544573, 32.24260756057306
10, 300, 0.08, 0.0005, 0.3, 63.366766228962945, 6.665699091052582
11, 300, 0.08, 0.0005, 0.1, 62.7435762925835, 6.752708933171988
12, 300, 0.08, 0.0005, 0.08, 61.749574185111655, 6.657372095955377
13, 300, 0.08, 0.0005, 0.05, 61.28684956427012, 6.553433075642022
14, 300, 0.08, 0.0005, 0.03, 60.423828056345556, 6.582254487631035
15, 300, 0.08, 0.0005, 0.01, 61.96653200419784, 6.70279293133505
16, 300, 0.08, 0.0003, 0.8, 438236.27318637155, 132.42441288459457
17, 300, 0.08, 0.0003, 0.5, 87759.48967503582, 31.941754504079938
18, 300, 0.08, 0.0003, 0.3, 60.690158717871405, 6.599335381181072
19, 300, 0.08, 0.0003, 0.1, 60.150688218447684, 6.618115896623453
20, 300, 0.08, 0.0003, 0.08, 61.20201819416393, 6.675395290202609
21, 300, 0.08, 0.0003, 0.05, 59.9427309342502, 6.553620008860148
22, 300, 0.08, 0.0003, 0.03, 60.432123804960995, 6.504496333806773
23, 300, 0.08, 0.0003, 0.01, 61.23390599580337, 6.675394047022438
24, 300, 0.08, 0.0001, 0.8, 438236.27318637155, 132.50282406819588
25, 300, 0.08, 0.0001, 0.5, 175450.74873570303, 57.46708568104371
26, 300, 0.08, 0.0001, 0.3, 61.31380614064723, 6.64615929454011
27, 300, 0.08, 0.0001, 0.1, 59.691856487120575, 6.481075271124264
28, 300, 0.08, 0.0001, 0.08, 59.807038272935415, 6.617646809612452
29, 300, 0.08, 0.0001, 0.05, 52.6092134619336, 6.087263715377254
30, 300, 0.08, 0.0001, 0.03, 57.44745050959126, 6.438413258263337
31, 300, 0.08, 0.0001, 0.01, 52.3120152690369, 6.203134528511866
32, 300, 0.08, 8e-05, 0.8, 438236.27318637155, 132.6688428576254
33, 300, 0.08, 8e-05, 0.5, 43999.82390145836, 19.42918274496321
34, 300, 0.08, 8e-05, 0.3, 60.103340005166615, 6.489383980929904
35, 300, 0.08, 8e-05, 0.1, 57.36009403979864, 6.347269618860349
36, 300, 0.08, 8e-05, 0.08, 61.22840036489754, 6.662641425632745
37, 300, 0.08, 8e-05, 0.05, 60.16976460021027, 6.591410110681721
38, 300, 0.08, 8e-05, 0.03, 61.72631911447672, 6.681767520662815
39, 300, 0.08, 8e-05, 0.01, 60.443134203373496, 6.64689415413992
40, 300, 0.08, 5e-05, 0.8, 438236.27318637155, 132.69208061560101
41, 300, 0.08, 5e-05, 0.5, 87930.09129863254, 32.31556545842771
42, 300, 0.08, 5e-05, 0.3, 61.78368900646385, 6.614018889192577
43, 300, 0.08, 5e-05, 0.1, 59.632974846364235, 6.599227723133248
44, 300, 0.08, 5e-05, 0.08, 59.78714148154493, 6.614739164939868
45, 300, 0.08, 5e-05, 0.05, 53.001429773461226, 6.136220353443937
46, 300, 0.08, 5e-05, 0.03, 61.31643259494401, 6.544945594770928
47, 300, 0.08, 5e-05, 0.01, 61.144195355893245, 6.674722553873215
48, 300, 0.05, 0.0008, 0.8, 438236.27318637155, 132.08426930124162
49, 300, 0.05, 0.0008, 0.5, 59.26079848981503, 6.473553811002146
50, 300, 0.05, 0.0008, 0.3, 56.73831564016776, 6.528981107617258
51, 300, 0.05, 0.0008, 0.1, 60.06815013111061, 6.620908523566646
52, 300, 0.05, 0.0008, 0.08, 57.920790633949835, 6.622302031936043
53, 300, 0.05, 0.0008, 0.05, 56.09312022411656, 6.344897680839098
54, 300, 0.05, 0.0008, 0.03, 59.96323743789975, 6.630288654353535
55, 300, 0.05, 0.0008, 0.01, 54.9877560690873, 6.333610967921443
56, 300, 0.05, 0.0005, 0.8, 438236.27318637155, 132.43120069650175
57, 300, 0.05, 0.0005, 0.5, 63.30894181816048, 6.784787899474175
58, 300, 0.05, 0.0005, 0.3, 61.95242120076915, 6.728276329457783
59, 300, 0.05, 0.0005, 0.1, 59.229979353379555, 6.576734690378831
60, 300, 0.05, 0.0005, 0.08, 59.021419150533276, 6.522841439375574
61, 300, 0.05, 0.0005, 0.05, 53.55840217205487, 6.044991459732082
62, 300, 0.05, 0.0005, 0.03, 59.85783789415965, 6.57879945216275
63, 300, 0.05, 0.0005, 0.01, 56.87132124135368, 6.532839646347834
64, 300, 0.05, 0.0003, 0.8, 438236.27318637155, 132.54836559050258
65, 300, 0.05, 0.0003, 0.5, 62.48809973484659, 6.707238539843791
66, 300, 0.05, 0.0003, 0.3, 61.44998056868011, 6.730974874716995
67, 300, 0.05, 0.0003, 0.1, 55.36512565281108, 6.4586324774747705
68, 300, 0.05, 0.0003, 0.08, 61.27790791417302, 6.711982476949255
69, 300, 0.05, 0.0003, 0.05, 59.82501535180054, 6.619163486875175
70, 300, 0.05, 0.0003, 0.03, 56.33011233068139, 6.493077640235073
71, 300, 0.05, 0.0003, 0.01, 59.273629576320936, 6.627172828878573
72, 300, 0.05, 0.0001, 0.8, 438236.27318637155, 132.67410404418484
73, 300, 0.05, 0.0001, 0.5, 62.71470485550484, 6.74398106410666
74, 300, 0.05, 0.0001, 0.3, 59.43159257437431, 6.598573830478611
75, 300, 0.05, 0.0001, 0.1, 59.76395499864058, 6.63414712566334
76, 300, 0.05, 0.0001, 0.08, 60.610546661396654, 6.671541520277325
77, 300, 0.05, 0.0001, 0.05, 57.41967948858191, 6.471756478575953
78, 300, 0.05, 0.0001, 0.03, 55.56682816851552, 6.402119242565573
79, 300, 0.05, 0.0001, 0.01, 55.53210683902883, 6.443932236205049
80, 300, 0.05, 8e-05, 0.8, 438236.27318637155, 132.71303385267646
81, 300, 0.05, 8e-05, 0.5, 63.769524708831554, 6.800788253360916
82, 300, 0.05, 8e-05, 0.3, 58.49102379445206, 6.493840657190954
83, 300, 0.05, 8e-05, 0.1, 59.062150922521326, 6.54656387234418
84, 300, 0.05, 8e-05, 0.08, 61.1024320340375, 6.617716368409285
85, 300, 0.05, 8e-05, 0.05, 61.23866685629274, 6.740273055928432
86, 300, 0.05, 8e-05, 0.03, 59.290693030047905, 6.568296871558175
87, 300, 0.05, 8e-05, 0.01, 56.692524850589336, 6.484349719096808
88, 300, 0.05, 5e-05, 0.8, 438236.27318637155, 132.69360347650343
89, 300, 0.05, 5e-05, 0.5, 62.20503956872333, 6.68270774571756
90, 300, 0.05, 5e-05, 0.3, 62.799071291781715, 6.750166848499788
91, 300, 0.05, 5e-05, 0.1, 57.33590210281115, 6.514854854468252
92, 300, 0.05, 5e-05, 0.08, 60.207547539413795, 6.582479867787697
93, 300, 0.05, 5e-05, 0.05, 57.66799254163287, 6.540306284864772
94, 300, 0.05, 5e-05, 0.03, 58.1056390596588, 6.573254318922167
95, 300, 0.05, 5e-05, 0.01, 61.03784863395587, 6.704135229541497
96, 300, 0.03, 0.0008, 0.8, 66.98085560157088, 6.828866852451438
97, 300, 0.03, 0.0008, 0.5, 49.16234655904482, 5.58893922069232
98, 300, 0.03, 0.0008, 0.3, 35.32019865076364, 4.850440543163352
99, 300, 0.03, 0.0008, 0.1, 31.984632006116072, 4.352990165475421
100, 300, 0.03, 0.0008, 0.08, 44.58213628395099, 5.578850672246321
101, 300, 0.03, 0.0008, 0.05, 40.29032479235324, 5.058209626824747
102, 300, 0.03, 0.0008, 0.03, 34.85178376898229, 4.756457715808448
103, 300, 0.03, 0.0008, 0.01, 35.50355134278391, 4.803013595093101
104, 300, 0.03, 0.0005, 0.8, 71.73402736742814, 6.85370729599874
105, 300, 0.03, 0.0005, 0.5, 48.366711600061976, 5.641075017004567
106, 300, 0.03, 0.0005, 0.3, 45.81012791562123, 5.5009271936292095
107, 300, 0.03, 0.0005, 0.1, 39.1612784050417, 4.941246260284252
108, 300, 0.03, 0.0005, 0.08, 28.351425634515312, 4.108628835172138
109, 300, 0.03, 0.0005, 0.05, 23.616726209975027, 3.7546978614421134
110, 300, 0.03, 0.0005, 0.03, 34.97311922354301, 4.569488278696353
111, 300, 0.03, 0.0005, 0.01, 28.797675579312134, 4.092856978893681
112, 300, 0.03, 0.0003, 0.8, 67.1057854912646, 6.788141417967149
113, 300, 0.03, 0.0003, 0.5, 42.73936678720097, 5.0871575763841745
114, 300, 0.03, 0.0003, 0.3, 41.545561572886804, 5.206507141591896
115, 300, 0.03, 0.0003, 0.1, 34.92164377435219, 4.662582392384775
116, 300, 0.03, 0.0003, 0.08, 25.132181744287017, 3.9220131422894853
117, 300, 0.03, 0.0003, 0.05, 40.562373500881435, 5.178170004031151
118, 300, 0.03, 0.0003, 0.03, 36.59721050314882, 4.879881103419743
119, 300, 0.03, 0.0003, 0.01, 43.71605437822357, 5.287689821972306
120, 300, 0.03, 0.0001, 0.8, 73.09076247360673, 6.805610643209522
121, 300, 0.03, 0.0001, 0.5, 42.94987458200247, 5.190261938622174
122, 300, 0.03, 0.0001, 0.3, 27.11155752776209, 4.060854654474814
123, 300, 0.03, 0.0001, 0.1, 29.153100434982406, 4.012815258151076
124, 300, 0.03, 0.0001, 0.08, 22.34111103053784, 3.5521052102029707
125, 300, 0.03, 0.0001, 0.05, 42.237026640307484, 5.193414503069936
126, 300, 0.03, 0.0001, 0.03, 33.920234399904146, 4.512382605326275
127, 300, 0.03, 0.0001, 0.01, 34.16062648851695, 4.6040981122699405
128, 300, 0.03, 8e-05, 0.8, 87.99561573492451, 6.696290671695161
129, 300, 0.03, 8e-05, 0.5, 42.50169124209676, 5.196396750226102
130, 300, 0.03, 8e-05, 0.3, 29.02941735892106, 3.886476810499081
131, 300, 0.03, 8e-05, 0.1, 27.410680069886677, 3.833380307441923
132, 300, 0.03, 8e-05, 0.08, 29.75096489153512, 4.214144354732913
133, 300, 0.03, 8e-05, 0.05, 25.032913631099227, 3.8699012170752534
134, 300, 0.03, 8e-05, 0.03, 27.617357839761365, 4.0630533912243125
135, 300, 0.03, 8e-05, 0.01, 47.28653949556434, 5.800829191951226
136, 300, 0.03, 5e-05, 0.8, 132.38200357981896, 6.8721330210874685
137, 300, 0.03, 5e-05, 0.5, 33.583852301136695, 4.379512646242378
138, 300, 0.03, 5e-05, 0.3, 40.97134559057682, 5.055261343586688
139, 300, 0.03, 5e-05, 0.1, 39.48766598404191, 5.023902176831018
140, 300, 0.03, 5e-05, 0.08, 43.589900919389045, 5.267156463961562
141, 300, 0.03, 5e-05, 0.05, 35.52886034612223, 4.624549356508302
142, 300, 0.03, 5e-05, 0.03, 30.339379957894913, 4.287682877038944
143, 300, 0.03, 5e-05, 0.01, 31.739682801745573, 4.345417510374427
144, 300, 0.01, 0.0008, 0.8, 14.158706464669475, 2.616614118386545
145, 300, 0.01, 0.0008, 0.5, 7.721690131952203, 2.3487238450157286
146, 300, 0.01, 0.0008, 0.3, 7.960100685737269, 2.4136269704454945
147, 300, 0.01, 0.0008, 0.1, 8.045503416948932, 2.5332824855389457
148, 300, 0.01, 0.0008, 0.08, 8.39241899498482, 2.673622092264957
149, 300, 0.01, 0.0008, 0.05, 8.59512379587108, 2.626012729771246
150, 300, 0.01, 0.0008, 0.03, 8.723188711922978, 2.683122451493097
151, 300, 0.01, 0.0008, 0.01, 8.969707299464059, 2.6971830026664088
152, 300, 0.01, 0.0005, 0.8, 16.15919264164324, 2.682460824825334
153, 300, 0.01, 0.0005, 0.5, 7.2442636390516055, 2.239140697894106
154, 300, 0.01, 0.0005, 0.3, 7.084465153540739, 2.3375469388285675
155, 300, 0.01, 0.0005, 0.1, 7.949745154894157, 2.408590397177547
156, 300, 0.01, 0.0005, 0.08, 7.216412995688574, 2.4585722261365635
157, 300, 0.01, 0.0005, 0.05, 8.065359382185756, 2.585869644103542
158, 300, 0.01, 0.0005, 0.03, 7.554747503621572, 2.4797777860697288
159, 300, 0.01, 0.0005, 0.01, 8.107900306976433, 2.546403248795792
160, 300, 0.01, 0.0003, 0.8, 14.979494486935142, 2.6100936263322647
161, 300, 0.01, 0.0003, 0.5, 7.270819580850665, 2.2321115550426756
162, 300, 0.01, 0.0003, 0.3, 7.057081398684993, 2.2523055034460464
163, 300, 0.01, 0.0003, 0.1, 7.179357083067761, 2.4346941937545603
164, 300, 0.01, 0.0003, 0.08, 7.346359279095081, 2.495416281809063
165, 300, 0.01, 0.0003, 0.05, 7.697918102508214, 2.470766647004808
166, 300, 0.01, 0.0003, 0.03, 7.219694594831267, 2.4713419055740244
167, 300, 0.01, 0.0003, 0.01, 7.622012740239379, 2.4417389754206957
168, 300, 0.01, 0.0001, 0.8, 14.020316968785215, 2.586568994335299
169, 300, 0.01, 0.0001, 0.5, 7.463791724435962, 2.324216664645538
170, 300, 0.01, 0.0001, 0.3, 7.05215326531425, 2.3026683860887682
171, 300, 0.01, 0.0001, 0.1, 7.351769191498084, 2.3989875041489643
172, 300, 0.01, 0.0001, 0.08, 7.09863016080323, 2.430845769141435
173, 300, 0.01, 0.0001, 0.05, 7.307772315330476, 2.3375053971458164
174, 300, 0.01, 0.0001, 0.03, 7.357041156878895, 2.4374062895829183
175, 300, 0.01, 0.0001, 0.01, 7.725155618232189, 2.455328258075311
176, 300, 0.01, 8e-05, 0.8, 15.95424221607268, 2.727382677718368
177, 300, 0.01, 8e-05, 0.5, 7.33073609672252, 2.227669858174661
178, 300, 0.01, 8e-05, 0.3, 7.1399240854703265, 2.289776616037291
179, 300, 0.01, 8e-05, 0.1, 7.320522300673926, 2.323224776836071
180, 300, 0.01, 8e-05, 0.08, 7.369005900911108, 2.367935160587184
181, 300, 0.01, 8e-05, 0.05, 7.134244467836224, 2.3638637157583062
182, 300, 0.01, 8e-05, 0.03, 7.123829685196671, 2.3779493538803926
183, 300, 0.01, 8e-05, 0.01, 7.415621636624354, 2.4154946868905354
184, 300, 0.01, 5e-05, 0.8, 14.085578012507051, 2.538686244841162
185, 300, 0.01, 5e-05, 0.5, 7.651644152558452, 2.2984198846052957
186, 300, 0.01, 5e-05, 0.3, 7.1842777158358375, 2.2394463132333247
187, 300, 0.01, 5e-05, 0.1, 7.335837913403443, 2.4060416710776296
188, 300, 0.01, 5e-05, 0.08, 7.244062143255024, 2.3434993142920097
189, 300, 0.01, 5e-05, 0.05, 7.165848441669934, 2.4352412789629985
190, 300, 0.01, 5e-05, 0.03, 7.553324490922369, 2.4257518764004495
191, 300, 0.01, 5e-05, 0.01, 7.615872302804513, 2.438706887061158
192, 300, 0.008, 0.0008, 0.8, 12.1080167830414, 2.608140047531877
193, 300, 0.008, 0.0008, 0.5, 7.657560446043034, 2.378999098108544
194, 300, 0.008, 0.0008, 0.3, 8.617803856598458, 2.481675494074407
195, 300, 0.008, 0.0008, 0.1, 9.184355895336036, 2.720685645743524
196, 300, 0.008, 0.0008, 0.08, 8.530897672951028, 2.6480808298486176
197, 300, 0.008, 0.0008, 0.05, 9.317126369583821, 2.7329476855309682
198, 300, 0.008, 0.0008, 0.03, 9.063230525973022, 2.7720954707793135
199, 300, 0.008, 0.0008, 0.01, 9.24477594551021, 2.642267857123105
200, 300, 0.008, 0.0005, 0.8, 12.272375291865004, 2.552705037482047
201, 300, 0.008, 0.0005, 0.5, 7.5765165052782795, 2.3397103963854677
202, 300, 0.008, 0.0005, 0.3, 7.6828515610556725, 2.3867228584618756
203, 300, 0.008, 0.0005, 0.1, 7.6941037931687095, 2.494028426178804
204, 300, 0.008, 0.0005, 0.08, 7.84967550630206, 2.5153446826030774
205, 300, 0.008, 0.0005, 0.05, 8.073299027907648, 2.567447874881563
206, 300, 0.008, 0.0005, 0.03, 7.892707423389612, 2.5532787589827057
207, 300, 0.008, 0.0005, 0.01, 8.250716098373674, 2.614157874861901
208, 300, 0.008, 0.0003, 0.8, 12.152097384891857, 2.624980916933743
209, 300, 0.008, 0.0003, 0.5, 7.773523575724762, 2.3499786135991387
210, 300, 0.008, 0.0003, 0.3, 7.584845057628387, 2.3907977141756716
211, 300, 0.008, 0.0003, 0.1, 7.534142748503032, 2.432503990186851
212, 300, 0.008, 0.0003, 0.08, 7.781291901278678, 2.4373188845534175
213, 300, 0.008, 0.0003, 0.05, 7.583950366743844, 2.5367617680870125
214, 300, 0.008, 0.0003, 0.03, 7.957222536365525, 2.5485782155211285
215, 300, 0.008, 0.0003, 0.01, 7.73862779429825, 2.4585402966912557
216, 300, 0.008, 0.0001, 0.8, 12.62124293206133, 2.661824979838063
217, 300, 0.008, 0.0001, 0.5, 7.524218539553533, 2.3168227325409694
218, 300, 0.008, 0.0001, 0.3, 7.421347945711842, 2.301391471236284
219, 300, 0.008, 0.0001, 0.1, 7.521541458225771, 2.393699234317975
220, 300, 0.008, 0.0001, 0.08, 7.182971662045903, 2.4055088957363657
221, 300, 0.008, 0.0001, 0.05, 7.569294569204137, 2.4241184147988015
222, 300, 0.008, 0.0001, 0.03, 7.835707033669896, 2.4077334979483354
223, 300, 0.008, 0.0001, 0.01, 7.755985034398234, 2.484394942263968
224, 300, 0.008, 8e-05, 0.8, 12.618809961389815, 2.645945397084708
225, 300, 0.008, 8e-05, 0.5, 7.714569927981373, 2.3210718363477687
226, 300, 0.008, 8e-05, 0.3, 7.687474204530595, 2.3609484144788873
227, 300, 0.008, 8e-05, 0.1, 7.459923322726796, 2.3142752219513505
228, 300, 0.008, 8e-05, 0.08, 7.260201775490309, 2.3960211785916856
229, 300, 0.008, 8e-05, 0.05, 7.644404910241545, 2.374923389198198
230, 300, 0.008, 8e-05, 0.03, 7.490105259414435, 2.4241266289091254
231, 300, 0.008, 8e-05, 0.01, 7.796674219738887, 2.5196167413168036
232, 300, 0.008, 5e-05, 0.8, 12.65746473966989, 2.6368802197243975
233, 300, 0.008, 5e-05, 0.5, 7.237892544071563, 2.2655775601863137
234, 300, 0.008, 5e-05, 0.3, 7.011870841466707, 2.3216870842669883
235, 300, 0.008, 5e-05, 0.1, 7.3467090512003566, 2.35695003023974
236, 300, 0.008, 5e-05, 0.08, 7.331503574624565, 2.3603920866687713
237, 300, 0.008, 5e-05, 0.05, 7.330371922516093, 2.4473071518317746
238, 300, 0.008, 5e-05, 0.03, 7.989115244185844, 2.4721802086548066
239, 300, 0.008, 5e-05, 0.01, 7.442574127483013, 2.417802983093865
240, 300, 0.005, 0.0008, 0.8, 11.264200586470839, 2.7527763530723837
241, 300, 0.005, 0.0008, 0.5, 8.841719796885576, 2.593205730488371
242, 300, 0.005, 0.0008, 0.3, 9.362134130429768, 2.7224838977191617
243, 300, 0.005, 0.0008, 0.1, 9.915033877145671, 2.8044467118435685
244, 300, 0.005, 0.0008, 0.08, 9.569344101909957, 2.8114454454547904
245, 300, 0.005, 0.0008, 0.05, 9.661907363303854, 2.8341451640003137
246, 300, 0.005, 0.0008, 0.03, 10.388078051459281, 2.9814030232127915
247, 300, 0.005, 0.0008, 0.01, 10.603175493245114, 2.9498326319684613
248, 300, 0.005, 0.0005, 0.8, 10.597809127147526, 2.7276163379267637
249, 300, 0.005, 0.0005, 0.5, 9.299346498087303, 2.575199695341129
250, 300, 0.005, 0.0005, 0.3, 9.042046070641849, 2.495020511163129
251, 300, 0.005, 0.0005, 0.1, 8.455845494334636, 2.623268257463484
252, 300, 0.005, 0.0005, 0.08, 8.848448508284232, 2.6520596683675235
253, 300, 0.005, 0.0005, 0.05, 9.369920767867706, 2.798928724230968
254, 300, 0.005, 0.0005, 0.03, 9.402263719522576, 2.683525798377199
255, 300, 0.005, 0.0005, 0.01, 9.347362098171791, 2.7430284604634925
256, 300, 0.005, 0.0003, 0.8, 10.025081355251677, 2.590286079654394
257, 300, 0.005, 0.0003, 0.5, 8.718406776280275, 2.558381784575296
258, 300, 0.005, 0.0003, 0.3, 8.572918686877376, 2.5933416190729996
259, 300, 0.005, 0.0003, 0.1, 8.48902307683896, 2.551943422782891
260, 300, 0.005, 0.0003, 0.08, 8.49365175575787, 2.6091796605362503
261, 300, 0.005, 0.0003, 0.05, 8.495783224547694, 2.5998046272405424
262, 300, 0.005, 0.0003, 0.03, 8.576574866773132, 2.6837788137545147
263, 300, 0.005, 0.0003, 0.01, 8.613112629604114, 2.6209962984028685
264, 300, 0.005, 0.0001, 0.8, 11.587200657966697, 2.789610426026871
265, 300, 0.005, 0.0001, 0.5, 8.568298917465086, 2.469717142367207
266, 300, 0.005, 0.0001, 0.3, 8.534748203158497, 2.46456410308818
267, 300, 0.005, 0.0001, 0.1, 8.173530298267988, 2.5320607869910923
268, 300, 0.005, 0.0001, 0.08, 8.462071971582697, 2.5042222696886247
269, 300, 0.005, 0.0001, 0.05, 8.458124019236985, 2.5616964398568673
270, 300, 0.005, 0.0001, 0.03, 8.806969517281392, 2.5931090566776063
271, 300, 0.005, 0.0001, 0.01, 8.33593524477514, 2.6075687700985086
272, 300, 0.005, 8e-05, 0.8, 10.82926424817144, 2.7341166081767367
273, 300, 0.005, 8e-05, 0.5, 8.781354452219603, 2.5371273350647705
274, 300, 0.005, 8e-05, 0.3, 8.715366083361726, 2.575428135935643
275, 300, 0.005, 8e-05, 0.1, 8.5255495905006, 2.5701687499724826
276, 300, 0.005, 8e-05, 0.08, 8.530068413183084, 2.5979159702585504
277, 300, 0.005, 8e-05, 0.05, 8.031834631904852, 2.501063635118581
278, 300, 0.005, 8e-05, 0.03, 8.612432143890318, 2.6075336505592595
279, 300, 0.005, 8e-05, 0.01, 8.21671628334054, 2.5864681655168753
280, 300, 0.005, 5e-05, 0.8, 12.054689419112202, 2.8906873409529434
281, 300, 0.005, 5e-05, 0.5, 9.020573341867344, 2.574190042656409
282, 300, 0.005, 5e-05, 0.3, 8.782673080849845, 2.560332909299344
283, 300, 0.005, 5e-05, 0.1, 8.867911190119036, 2.5981287911715465
284, 300, 0.005, 5e-05, 0.08, 8.388970742059582, 2.495048074437016
285, 300, 0.005, 5e-05, 0.05, 8.216907544794385, 2.560006115488959
286, 300, 0.005, 5e-05, 0.03, 8.587171863491541, 2.5248571924347467
287, 300, 0.005, 5e-05, 0.01, 8.086872999528172, 2.512396054403669
288, 300, 0.003, 0.0008, 0.8, 14.055634043312349, 3.2034828405782996
289, 300, 0.003, 0.0008, 0.5, 11.129593777238695, 2.8318359526692194
290, 300, 0.003, 0.0008, 0.3, 12.814996239919315, 3.129596440757016
291, 300, 0.003, 0.0008, 0.1, 11.613728068814916, 3.114443282103425
292, 300, 0.003, 0.0008, 0.08, 13.284247918691245, 3.147789980046675
293, 300, 0.003, 0.0008, 0.05, 13.99778313265601, 3.355433534189058
294, 300, 0.003, 0.0008, 0.03, 12.605153737687449, 3.1126350790214596
295, 300, 0.003, 0.0008, 0.01, 12.257328033568244, 3.1032000565706577
296, 300, 0.003, 0.0005, 0.8, 16.828243468031314, 3.3875186494831278
297, 300, 0.003, 0.0005, 0.5, 12.124302806609279, 3.0016463574832426
298, 300, 0.003, 0.0005, 0.3, 11.377266037882638, 2.846423155318867
299, 300, 0.003, 0.0005, 0.1, 11.187384937727, 2.891757008060787
300, 300, 0.003, 0.0005, 0.08, 11.518310897232269, 2.9691721429877393
301, 300, 0.003, 0.0005, 0.05, 11.477287846165627, 3.025597715417125
302, 300, 0.003, 0.0005, 0.03, 11.06664805133993, 2.9238604016227177
303, 300, 0.003, 0.0005, 0.01, 12.262510516428575, 3.094470464650069
304, 300, 0.003, 0.0003, 0.8, 14.841134000101212, 3.2171733661120605
305, 300, 0.003, 0.0003, 0.5, 12.117305583607934, 2.9841418629932033
306, 300, 0.003, 0.0003, 0.3, 11.18367993289284, 2.924501508776666
307, 300, 0.003, 0.0003, 0.1, 11.085919450921038, 2.909153872316945
308, 300, 0.003, 0.0003, 0.08, 10.590916018183153, 2.7993220009841453
309, 300, 0.003, 0.0003, 0.05, 10.718788758403509, 2.881239724193644
310, 300, 0.003, 0.0003, 0.03, 11.34567291966042, 2.898849420298961
311, 300, 0.003, 0.0003, 0.01, 10.629609153211721, 2.866299864744852
312, 300, 0.003, 0.0001, 0.8, 14.797252270980826, 3.2866854916760353
313, 300, 0.003, 0.0001, 0.5, 13.206815725392463, 3.0907241881419756
314, 300, 0.003, 0.0001, 0.3, 11.477335629768254, 2.849921441386993
315, 300, 0.003, 0.0001, 0.1, 11.315553858541426, 2.8474745237596886
316, 300, 0.003, 0.0001, 0.08, 11.65368927460126, 2.921222219806814
317, 300, 0.003, 0.0001, 0.05, 10.211296182106869, 2.738762684706948
318, 300, 0.003, 0.0001, 0.03, 10.060624186790326, 2.7490874425563
319, 300, 0.003, 0.0001, 0.01, 11.733238648751309, 2.961756832913127
320, 300, 0.003, 8e-05, 0.8, 14.169354548094429, 3.140876886291318
321, 300, 0.003, 8e-05, 0.5, 12.161783547663141, 2.939528243865568
322, 300, 0.003, 8e-05, 0.3, 11.16177954113093, 2.8391828489816655
323, 300, 0.003, 8e-05, 0.1, 11.253751979098833, 2.974119895734179
324, 300, 0.003, 8e-05, 0.08, 10.798214136146225, 2.8629422125710584
325, 300, 0.003, 8e-05, 0.05, 10.453767045811095, 2.8177887395784476
326, 300, 0.003, 8e-05, 0.03, 10.952853776998191, 2.7684924635894426
327, 300, 0.003, 8e-05, 0.01, 10.960169125603125, 2.8377007921154225
328, 300, 0.003, 5e-05, 0.8, 15.797882640236239, 3.321506582184638
329, 300, 0.003, 5e-05, 0.5, 12.052981082415137, 3.023465218835474
330, 300, 0.003, 5e-05, 0.3, 11.089585648604123, 2.8715164033874876
331, 300, 0.003, 5e-05, 0.1, 10.694122973924525, 2.7880511302137845
332, 300, 0.003, 5e-05, 0.08, 10.683380932859615, 2.832296679750364
333, 300, 0.003, 5e-05, 0.05, 11.978333364708588, 3.0403968277470232
334, 300, 0.003, 5e-05, 0.03, 11.045115511334831, 2.924826720330811
335, 300, 0.003, 5e-05, 0.01, 11.177110150404719, 2.8527516622735307
336, 300, 0.001, 0.0008, 0.8, 34.528489294573816, 4.903905524336791
337, 300, 0.001, 0.0008, 0.5, 26.2362823406802, 4.321693670449742
338, 300, 0.001, 0.0008, 0.3, 26.2083799452413, 4.357103744538376
339, 300, 0.001, 0.0008, 0.1, 24.725640581848047, 4.339654112474002
340, 300, 0.001, 0.0008, 0.08, 25.38473663442383, 4.450830993114798
341, 300, 0.001, 0.0008, 0.05, 24.83187107436823, 4.305790774296383
342, 300, 0.001, 0.0008, 0.03, 29.348382238157704, 4.614550554511722
343, 300, 0.001, 0.0008, 0.01, 26.603033426236188, 4.45715668424421
344, 300, 0.001, 0.0005, 0.8, 29.775765706226707, 4.52063927117342
345, 300, 0.001, 0.0005, 0.5, 23.530942722407545, 4.028431095620144
346, 300, 0.001, 0.0005, 0.3, 27.261935400461454, 4.336458391574567
347, 300, 0.001, 0.0005, 0.1, 21.81623594911683, 4.067970963778274
348, 300, 0.001, 0.0005, 0.08, 24.38056215281122, 4.22991218496224
349, 300, 0.001, 0.0005, 0.05, 21.722271248637146, 4.001711307179705
350, 300, 0.001, 0.0005, 0.03, 23.926800762244437, 4.157934490371952
351, 300, 0.001, 0.0005, 0.01, 22.471199441459078, 4.143298710635158
352, 300, 0.001, 0.0003, 0.8, 33.10467945116092, 4.795038199697086
353, 300, 0.001, 0.0003, 0.5, 27.619542319805568, 4.432628538919682
354, 300, 0.001, 0.0003, 0.3, 24.490913022480942, 4.10054786699811
355, 300, 0.001, 0.0003, 0.1, 23.641904792979496, 4.093184894684315
356, 300, 0.001, 0.0003, 0.08, 23.771189640422143, 4.086405091758286
357, 300, 0.001, 0.0003, 0.05, 23.028904867323288, 4.01321968010449
358, 300, 0.001, 0.0003, 0.03, 19.742188643052742, 3.748874665605109
359, 300, 0.001, 0.0003, 0.01, 23.408470876434052, 4.103791499137125
360, 300, 0.001, 0.0001, 0.8, 35.726267730134005, 4.845379918307482
361, 300, 0.001, 0.0001, 0.5, 32.84951234125735, 4.790575220659153
362, 300, 0.001, 0.0001, 0.3, 26.79310669407214, 4.336878443578426
363, 300, 0.001, 0.0001, 0.1, 25.20733293156898, 4.182527261426078
364, 300, 0.001, 0.0001, 0.08, 23.19170436110275, 4.055749670739375
365, 300, 0.001, 0.0001, 0.05, 25.791123100528182, 4.1827507627531535
366, 300, 0.001, 0.0001, 0.03, 25.58860168069003, 4.318523112772993
367, 300, 0.001, 0.0001, 0.01, 21.114179823520516, 3.903746515234521
368, 300, 0.001, 8e-05, 0.8, 34.88930306615497, 4.742028769054125
369, 300, 0.001, 8e-05, 0.5, 29.32140762082031, 4.474431828085545
370, 300, 0.001, 8e-05, 0.3, 26.93474979865031, 4.329648470166632
371, 300, 0.001, 8e-05, 0.1, 22.939569688005555, 3.9697231343883517
372, 300, 0.001, 8e-05, 0.08, 23.14974609998719, 3.970026215845869
373, 300, 0.001, 8e-05, 0.05, 22.509631216705408, 4.05255131775916
374, 300, 0.001, 8e-05, 0.03, 20.916956034943023, 3.8581220898822357
375, 300, 0.001, 8e-05, 0.01, 20.959097302581593, 3.9140478998001718
376, 300, 0.001, 5e-05, 0.8, 35.17706285214883, 4.884608591214317
377, 300, 0.001, 5e-05, 0.5, 29.790964675744924, 4.462199559170072
378, 300, 0.001, 5e-05, 0.3, 28.558834440481643, 4.412642357718154
379, 300, 0.001, 5e-05, 0.1, 21.691269794890633, 3.8923926495727152
380, 300, 0.001, 5e-05, 0.08, 21.103283856546206, 3.829687438958183
381, 300, 0.001, 5e-05, 0.05, 22.614071140128388, 3.8948341532436386
382, 300, 0.001, 5e-05, 0.03, 21.29848720197902, 3.9245587060193485
383, 300, 0.001, 5e-05, 0.01, 21.11308534238695, 3.890314162425039
384, 600, 0.08, 0.0008, 0.8, 438236.27318637155, 132.23134530304532
385, 600, 0.08, 0.0008, 0.5, 94688.79574545826, 33.17762451102493
386, 600, 0.08, 0.0008, 0.3, 64.46796506930222, 6.74769371150038
387, 600, 0.08, 0.0008, 0.1, 60.341176374217, 6.642978150102637
388, 600, 0.08, 0.0008, 0.08, 62.63786540372782, 6.757562842337469
389, 600, 0.08, 0.0008, 0.05, 63.42031509919407, 6.730921650659219
390, 600, 0.08, 0.0008, 0.03, 60.07223489916847, 6.644769830907686
391, 600, 0.08, 0.0008, 0.01, 60.95444072949889, 6.739443832117205
392, 600, 0.08, 0.0005, 0.8, 438236.27318637155, 132.41508813298643
393, 600, 0.08, 0.0005, 0.5, 87759.80990987313, 32.10379520449538
394, 600, 0.08, 0.0005, 0.3, 64.65758063178143, 6.7352093019707
395, 600, 0.08, 0.0005, 0.1, 66.46697266435129, 6.914468066830085
396, 600, 0.08, 0.0005, 0.08, 60.22647731152027, 6.607630697809226
397, 600, 0.08, 0.0005, 0.05, 60.10512558121975, 6.566071852902522
398, 600, 0.08, 0.0005, 0.03, 133.37993814592159, 6.857465062309634
399, 600, 0.08, 0.0005, 0.01, 62.038459493729114, 6.721720591782296
400, 600, 0.08, 0.0003, 0.8, 438236.27318637155, 133.40450537475976
401, 600, 0.08, 0.0003, 0.5, 43914.24706286296, 19.26949576823056
402, 600, 0.08, 0.0003, 0.3, 71.7769454683176, 6.97238075279501
403, 600, 0.08, 0.0003, 0.1, 61.219885142334626, 6.671757409384097
404, 600, 0.08, 0.0003, 0.08, 60.44123626249056, 6.599245874017852
405, 600, 0.08, 0.0003, 0.05, 60.514895436921236, 6.4641238141148945
406, 600, 0.08, 0.0003, 0.03, 59.50270291995709, 6.595467592483294
407, 600, 0.08, 0.0003, 0.01, 58.78908112972776, 6.503741735331597
408, 600, 0.08, 0.0001, 0.8, 438236.27318637155, 132.66124308645573
409, 600, 0.08, 0.0001, 0.5, 131624.26393703886, 44.351970297244605
410, 600, 0.08, 0.0001, 0.3, 61.99187778450461, 6.618375864382537
411, 600, 0.08, 0.0001, 0.1, 62.20786626617254, 6.700775010196004
412, 600, 0.08, 0.0001, 0.08, 59.009514978560524, 6.619752646800492
413, 600, 0.08, 0.0001, 0.05, 60.42357448594421, 6.669851966173212
414, 600, 0.08, 0.0001, 0.03, 77.01764147076005, 6.789232463166078
415, 600, 0.08, 0.0001, 0.01, 49.58581526348287, 5.958021474877372
416, 600, 0.08, 8e-05, 0.8, 438236.27318637155, 132.77122787791626
417, 600, 0.08, 8e-05, 0.5, 91.23814243354461, 6.858452168181785
418, 600, 0.08, 8e-05, 0.3, 61.939986254236295, 6.642638653982971
419, 600, 0.08, 8e-05, 0.1, 61.82569048637811, 6.724371489994796
420, 600, 0.08, 8e-05, 0.08, 59.88916201109206, 6.593798210476874
421, 600, 0.08, 8e-05, 0.05, 56.54157019756034, 6.301957818192054
422, 600, 0.08, 8e-05, 0.03, 62.20586382310178, 6.6792932899252
423, 600, 0.08, 8e-05, 0.01, 61.875218136540454, 6.724162539594684
424, 600, 0.08, 5e-05, 0.8, 438236.27318637155, 132.69206428294052
425, 600, 0.08, 5e-05, 0.5, 108.52496414410709, 6.553636981651391
426, 600, 0.08, 5e-05, 0.3, 60.99050230144165, 6.528357299015997
427, 600, 0.08, 5e-05, 0.1, 60.00896094006813, 6.557939923311925
428, 600, 0.08, 5e-05, 0.08, 61.19890398394315, 6.662223265056939
429, 600, 0.08, 5e-05, 0.05, 53.97829936914511, 6.1440760749375745
430, 600, 0.08, 5e-05, 0.03, 58.07383408107512, 6.397298728036495
431, 600, 0.08, 5e-05, 0.01, 62.18500709506932, 6.713449820575026
432, 600, 0.05, 0.0008, 0.8, 438236.27318637155, 132.25474327475018
433, 600, 0.05, 0.0008, 0.5, 64.47183178602049, 6.824396671072757
434, 600, 0.05, 0.0008, 0.3, 59.16705702641053, 6.584961320836688
435, 600, 0.05, 0.0008, 0.1, 59.829071204645786, 6.670075015520004
436, 600, 0.05, 0.0008, 0.08, 60.296946019813205, 6.691755442545416
437, 600, 0.05, 0.0008, 0.05, 56.70708656830931, 6.479477014692757
438, 600, 0.05, 0.0008, 0.03, 56.994116160861815, 6.529674173451193
439, 600, 0.05, 0.0008, 0.01, 58.06828818205967, 6.433767715279606
440, 600, 0.05, 0.0005, 0.8, 438236.27318637155, 132.4305507012367
441, 600, 0.05, 0.0005, 0.5, 62.950587930365145, 6.731259870295655
442, 600, 0.05, 0.0005, 0.3, 59.71745271830863, 6.549334215612262
443, 600, 0.05, 0.0005, 0.1, 53.96550617462443, 6.13000685581455
444, 600, 0.05, 0.0005, 0.08, 58.89740563697519, 6.529757141873056
445, 600, 0.05, 0.0005, 0.05, 58.28443255560485, 6.483404148655753
446, 600, 0.05, 0.0005, 0.03, 57.747379032724325, 6.485174292257058
447, 600, 0.05, 0.0005, 0.01, 60.10634944861961, 6.522754474842058
448, 600, 0.05, 0.0003, 0.8, 438236.27318637155, 132.52993257716474
449, 600, 0.05, 0.0003, 0.5, 61.228202666328556, 6.581469391673994
450, 600, 0.05, 0.0003, 0.3, 60.210020401249686, 6.618196340830453
451, 600, 0.05, 0.0003, 0.1, 57.30230989570957, 6.454449160041355
452, 600, 0.05, 0.0003, 0.08, 58.6693810488163, 6.5278706303105505
453, 600, 0.05, 0.0003, 0.05, 59.284547574299076, 6.611137850510337
454, 600, 0.05, 0.0003, 0.03, 59.568746667152894, 6.610474279234322
455, 600, 0.05, 0.0003, 0.01, 56.14113039908663, 6.355996132684139
456, 600, 0.05, 0.0001, 0.8, 438236.27318637155, 132.782977721058
457, 600, 0.05, 0.0001, 0.5, 60.48329620671427, 6.598996833418758
458, 600, 0.05, 0.0001, 0.3, 59.118522899534504, 6.650773491644669
459, 600, 0.05, 0.0001, 0.1, 56.035931715155264, 6.307542978991002
460, 600, 0.05, 0.0001, 0.08, 54.85487156980243, 6.182415806007923
461, 600, 0.05, 0.0001, 0.05, 57.76872119727307, 6.475838080266101
462, 600, 0.05, 0.0001, 0.03, 56.39245544220795, 6.444057172082101
463, 600, 0.05, 0.0001, 0.01, 57.621709131750166, 6.441974546447815
464, 600, 0.05, 8e-05, 0.8, 438236.27318637155, 132.67597513058928
465, 600, 0.05, 8e-05, 0.5, 63.89500833454141, 6.799475093291669
466, 600, 0.05, 8e-05, 0.3, 62.03070757583059, 6.697536042857228
467, 600, 0.05, 8e-05, 0.1, 58.60431755945498, 6.462741240967551
468, 600, 0.05, 8e-05, 0.08, 55.69188616951344, 6.35171627826253
469, 600, 0.05, 8e-05, 0.05, 56.402420748617104, 6.318284703552062
470, 600, 0.05, 8e-05, 0.03, 56.86033319927746, 6.415200351089219
471, 600, 0.05, 8e-05, 0.01, 46.24362423487651, 5.501259004996972
472, 600, 0.05, 5e-05, 0.8, 438236.27318637155, 132.71325637405266
473, 600, 0.05, 5e-05, 0.5, 61.936846867108386, 6.737222267652615
474, 600, 0.05, 5e-05, 0.3, 58.91109431879279, 6.596063853486351
475, 600, 0.05, 5e-05, 0.1, 58.50086392772331, 6.585642541708905
476, 600, 0.05, 5e-05, 0.08, 58.54934180423859, 6.605083401294306
477, 600, 0.05, 5e-05, 0.05, 56.226637530035006, 6.374150038729489
478, 600, 0.05, 5e-05, 0.03, 58.57992675704445, 6.554550637368372
479, 600, 0.05, 5e-05, 0.01, 57.788930524045725, 6.476164498542218
480, 600, 0.03, 0.0008, 0.8, 71.12192630097887, 6.7673705818579375
481, 600, 0.03, 0.0008, 0.5, 33.41290042401466, 4.492529638352285
482, 600, 0.03, 0.0008, 0.3, 24.607546524310294, 3.946735877081862
483, 600, 0.03, 0.0008, 0.1, 34.6983962579248, 4.712308321846247
484, 600, 0.03, 0.0008, 0.08, 37.42120326540812, 5.03493425165087
485, 600, 0.03, 0.0008, 0.05, 28.865871627998796, 4.566338678172443
486, 600, 0.03, 0.0008, 0.03, 26.564042446727218, 4.148541448850628
487, 600, 0.03, 0.0008, 0.01, 36.79919483413307, 4.851533022065911
488, 600, 0.03, 0.0005, 0.8, 73.81257958308025, 6.771209553996476
489, 600, 0.03, 0.0005, 0.5, 34.87796754072669, 4.80146208071317
490, 600, 0.03, 0.0005, 0.3, 32.605713896437344, 4.476120882899983
491, 600, 0.03, 0.0005, 0.1, 22.13460422621001, 3.543395705081229
492, 600, 0.03, 0.0005, 0.08, 24.75772390085674, 3.8857777340557504
493, 600, 0.03, 0.0005, 0.05, 14.299793764993897, 3.1966334868643345
494, 600, 0.03, 0.0005, 0.03, 36.56803898195253, 4.889764551176377
495, 600, 0.03, 0.0005, 0.01, 28.795859813180094, 4.167410883075401
496, 600, 0.03, 0.0003, 0.8, 72.03225850864638, 6.797217958853778
497, 600, 0.03, 0.0003, 0.5, 56.40655799524603, 6.181984955709453
498, 600, 0.03, 0.0003, 0.3, 28.729905000995082, 4.061346339286397
499, 600, 0.03, 0.0003, 0.1, 30.266091150523653, 4.385304151129713
500, 600, 0.03, 0.0003, 0.08, 21.83581332849813, 3.6238985628845968
501, 600, 0.03, 0.0003, 0.05, 35.70522493053292, 4.891871383248043
502, 600, 0.03, 0.0003, 0.03, 40.40679093123371, 5.163617933553781
503, 600, 0.03, 0.0003, 0.01, 42.76450764580338, 5.299256249374983
504, 600, 0.03, 0.0001, 0.8, 78.00176288302484, 6.723028094307713
505, 600, 0.03, 0.0001, 0.5, 44.0184682228342, 5.190824372958211
506, 600, 0.03, 0.0001, 0.3, 28.633868964229045, 4.126394733906249
507, 600, 0.03, 0.0001, 0.1, 21.656906935281448, 3.4439552291406534
508, 600, 0.03, 0.0001, 0.08, 23.839929506273652, 3.7704347314707043
509, 600, 0.03, 0.0001, 0.05, 40.64012120280861, 5.075733758426843
510, 600, 0.03, 0.0001, 0.03, 21.8473307070266, 3.6116363581594064
511, 600, 0.03, 0.0001, 0.01, 37.273006973537285, 4.775078244244353
512, 600, 0.03, 8e-05, 0.8, 68.7449757508352, 6.730619780002977
513, 600, 0.03, 8e-05, 0.5, 33.66655856007286, 4.2970628181043224
514, 600, 0.03, 8e-05, 0.3, 32.37043696256596, 4.376270301362318
515, 600, 0.03, 8e-05, 0.1, 24.818382006186024, 3.738895231460674
516, 600, 0.03, 8e-05, 0.08, 29.320988878323078, 4.141183053111677
517, 600, 0.03, 8e-05, 0.05, 36.24446391491355, 4.737168608898537
518, 600, 0.03, 8e-05, 0.03, 32.51102296629439, 4.338824125403182
519, 600, 0.03, 8e-05, 0.01, 32.663404542770465, 4.383136296378561
520, 600, 0.03, 5e-05, 0.8, 72.60312537076092, 6.8148109202254
521, 600, 0.03, 5e-05, 0.5, 43.7990874763958, 5.353019354042882
522, 600, 0.03, 5e-05, 0.3, 26.00804165330195, 3.8614663992190636
523, 600, 0.03, 5e-05, 0.1, 15.596056623814082, 3.0492514485847098
524, 600, 0.03, 5e-05, 0.08, 26.563584736295592, 3.8110900260547718
525, 600, 0.03, 5e-05, 0.05, 20.090773611628713, 3.3654550064320774
526, 600, 0.03, 5e-05, 0.03, 23.45857790441932, 3.6820327337099057
527, 600, 0.03, 5e-05, 0.01, 29.94465354433396, 4.298623296151963
528, 600, 0.01, 0.0008, 0.8, 10.42307604452832, 2.294263977048561
529, 600, 0.01, 0.0008, 0.5, 7.442122334289616, 2.439365515162126
530, 600, 0.01, 0.0008, 0.3, 8.063823010380693, 2.523861028091078
531, 600, 0.01, 0.0008, 0.1, 8.933620773016283, 2.7529792321863282
532, 600, 0.01, 0.0008, 0.08, 9.930575088592288, 2.8893065450744375
533, 600, 0.01, 0.0008, 0.05, 9.665956160629666, 2.8836829705818445
534, 600, 0.01, 0.0008, 0.03, 9.706977645139128, 2.784541398008098
535, 600, 0.01, 0.0008, 0.01, 9.924471851857284, 2.9328801478052826
536, 600, 0.01, 0.0005, 0.8, 9.744325215119694, 2.303857794801229
537, 600, 0.01, 0.0005, 0.5, 6.723982846804374, 2.2439710519908247
538, 600, 0.01, 0.0005, 0.3, 6.699535337124357, 2.406477457190465
539, 600, 0.01, 0.0005, 0.1, 7.540660349288473, 2.5628066044478226
540, 600, 0.01, 0.0005, 0.08, 7.6866565718006985, 2.4629428473460906
541, 600, 0.01, 0.0005, 0.05, 7.714645287720726, 2.5285834905449738
542, 600, 0.01, 0.0005, 0.03, 7.667501030851005, 2.567978382150856
543, 600, 0.01, 0.0005, 0.01, 8.087028530480628, 2.6724841021848436
544, 600, 0.01, 0.0003, 0.8, 9.706581036832054, 2.2720243488827805
545, 600, 0.01, 0.0003, 0.5, 6.450653534701589, 2.139630477912151
546, 600, 0.01, 0.0003, 0.3, 6.485118176585462, 2.2612019456270884
547, 600, 0.01, 0.0003, 0.1, 6.721118824253471, 2.3983105067777877
548, 600, 0.01, 0.0003, 0.08, 6.736146817122181, 2.410814451162505
549, 600, 0.01, 0.0003, 0.05, 7.018591787839438, 2.3211972055191428
550, 600, 0.01, 0.0003, 0.03, 7.261245071597125, 2.3632802625774163
551, 600, 0.01, 0.0003, 0.01, 7.520548480487472, 2.4096987300565447
552, 600, 0.01, 0.0001, 0.8, 9.319998428925357, 2.2019708535826457
553, 600, 0.01, 0.0001, 0.5, 6.8892138040602, 2.1134152912076423
554, 600, 0.01, 0.0001, 0.3, 6.015002747297124, 2.1730357041833743
555, 600, 0.01, 0.0001, 0.1, 6.3936198787784075, 2.2293134076270285
556, 600, 0.01, 0.0001, 0.08, 6.393310465432033, 2.278762793948836
557, 600, 0.01, 0.0001, 0.05, 6.47212950533263, 2.2852040323259635
558, 600, 0.01, 0.0001, 0.03, 6.521161077110124, 2.3211172243383533
559, 600, 0.01, 0.0001, 0.01, 6.34114827881835, 2.3022383086164058
560, 600, 0.01, 8e-05, 0.8, 9.565915700302032, 2.24896128445783
561, 600, 0.01, 8e-05, 0.5, 6.427448810613379, 2.1255150613071896
562, 600, 0.01, 8e-05, 0.3, 6.052292240458845, 2.1514616632363244
563, 600, 0.01, 8e-05, 0.1, 6.489390279140056, 2.271169697637446
564, 600, 0.01, 8e-05, 0.08, 6.179803056219937, 2.173751333462616
565, 600, 0.01, 8e-05, 0.05, 6.671571022330769, 2.2797750489700297
566, 600, 0.01, 8e-05, 0.03, 6.306412768079483, 2.267438683611064
567, 600, 0.01, 8e-05, 0.01, 6.089519295964911, 2.276457438814205
568, 600, 0.01, 5e-05, 0.8, 10.214473995347113, 2.283847634175033
569, 600, 0.01, 5e-05, 0.5, 6.100396211181127, 2.1155531213958163
570, 600, 0.01, 5e-05, 0.3, 6.1232454739201465, 2.1371267579086917
571, 600, 0.01, 5e-05, 0.1, 6.154838159128356, 2.24264324219834
572, 600, 0.01, 5e-05, 0.08, 6.520809187992414, 2.3301079219873237
573, 600, 0.01, 5e-05, 0.05, 6.099881366109922, 2.3109950151216694
574, 600, 0.01, 5e-05, 0.03, 6.502967697458177, 2.250436801085327
575, 600, 0.01, 5e-05, 0.01, 6.4276982785945265, 2.276994137862323
576, 600, 0.008, 0.0008, 0.8, 9.00371306226926, 2.3811124128034624
577, 600, 0.008, 0.0008, 0.5, 7.5955947916451905, 2.4912787542906107
578, 600, 0.008, 0.0008, 0.3, 8.377668081736662, 2.615119165504982
579, 600, 0.008, 0.0008, 0.1, 9.625958020439338, 2.8462548219353576
580, 600, 0.008, 0.0008, 0.08, 10.245373694138001, 2.911503813738649
581, 600, 0.008, 0.0008, 0.05, 9.883019648336262, 2.86528632363028
582, 600, 0.008, 0.0008, 0.03, 10.595011580849292, 3.0245784530147204
583, 600, 0.008, 0.0008, 0.01, 10.136821564838485, 3.0152535788941526
584, 600, 0.008, 0.0005, 0.8, 8.158044085533808, 2.285990394423208
585, 600, 0.008, 0.0005, 0.5, 7.1137832744176395, 2.290057323565989
586, 600, 0.008, 0.0005, 0.3, 7.048540315314955, 2.433685916074654
587, 600, 0.008, 0.0005, 0.1, 7.620801904816625, 2.553931020888282
588, 600, 0.008, 0.0005, 0.08, 8.242538899161593, 2.59881450082801
589, 600, 0.008, 0.0005, 0.05, 7.6824542681512415, 2.5841382585295967
590, 600, 0.008, 0.0005, 0.03, 8.329115969230264, 2.6802281035539
591, 600, 0.008, 0.0005, 0.01, 8.482013630335796, 2.619088594072019
592, 600, 0.008, 0.0003, 0.8, 9.045828713380862, 2.289665862775484
593, 600, 0.008, 0.0003, 0.5, 6.8040886053487455, 2.207084116752798
594, 600, 0.008, 0.0003, 0.3, 6.32313502284838, 2.2660298553567237
595, 600, 0.008, 0.0003, 0.1, 6.8540434928640055, 2.361098521508847
596, 600, 0.008, 0.0003, 0.08, 6.9081326504446094, 2.484326222148109
597, 600, 0.008, 0.0003, 0.05, 6.9869133951664395, 2.4134038719626156
598, 600, 0.008, 0.0003, 0.03, 7.45559566803621, 2.5115612759973494
599, 600, 0.008, 0.0003, 0.01, 7.6092979787086135, 2.487618666705285
600, 600, 0.008, 0.0001, 0.8, 9.633443974874652, 2.2225101175639734
601, 600, 0.008, 0.0001, 0.5, 6.2013573282371395, 2.1357784606349797
602, 600, 0.008, 0.0001, 0.3, 6.338155014737941, 2.2006368564035146
603, 600, 0.008, 0.0001, 0.1, 6.23338365187756, 2.314267286701486
604, 600, 0.008, 0.0001, 0.08, 6.463742724462115, 2.2626420494200765
605, 600, 0.008, 0.0001, 0.05, 6.4223319420021525, 2.314135547349113
606, 600, 0.008, 0.0001, 0.03, 6.514616323143963, 2.341449918274381
607, 600, 0.008, 0.0001, 0.01, 6.323306414269693, 2.3235343122201284
608, 600, 0.008, 8e-05, 0.8, 9.743370818496627, 2.211632133980898
609, 600, 0.008, 8e-05, 0.5, 6.113630416622632, 2.076530035946715
610, 600, 0.008, 8e-05, 0.3, 6.305134967353571, 2.218504674916102
611, 600, 0.008, 8e-05, 0.1, 6.396416958151441, 2.228870689265084
612, 600, 0.008, 8e-05, 0.08, 6.537179106812465, 2.338706250658728
613, 600, 0.008, 8e-05, 0.05, 6.604105641443079, 2.224737493879583
614, 600, 0.008, 8e-05, 0.03, 6.514084483444421, 2.407923799799746
615, 600, 0.008, 8e-05, 0.01, 6.630609797299563, 2.3019927907275943
616, 600, 0.008, 5e-05, 0.8, 9.148528354339025, 2.2314538784407763
617, 600, 0.008, 5e-05, 0.5, 6.436977167671242, 2.1620572057807594
618, 600, 0.008, 5e-05, 0.3, 6.291711014743127, 2.153256095489993
619, 600, 0.008, 5e-05, 0.1, 6.241029699922474, 2.2688293965852186
620, 600, 0.008, 5e-05, 0.08, 6.579223538149596, 2.277664428282221
621, 600, 0.008, 5e-05, 0.05, 6.399933659726214, 2.3001717790109795
622, 600, 0.008, 5e-05, 0.03, 6.34875866425372, 2.315654295264342
623, 600, 0.008, 5e-05, 0.01, 6.6702999632298985, 2.291790232585718
624, 600, 0.005, 0.0008, 0.8, 8.367912614371836, 2.4554299521234055
625, 600, 0.005, 0.0008, 0.5, 8.217035818471174, 2.628475901468204
626, 600, 0.005, 0.0008, 0.3, 9.596521899704026, 2.8115665407759933
627, 600, 0.005, 0.0008, 0.1, 10.952914920564298, 3.101097265419646
628, 600, 0.005, 0.0008, 0.08, 12.53358986695963, 3.2003081844529566
629, 600, 0.005, 0.0008, 0.05, 12.430972326000433, 3.225206377641888
630, 600, 0.005, 0.0008, 0.03, 13.537061455224267, 3.4518188997989645
631, 600, 0.005, 0.0008, 0.01, 12.850108787898273, 3.2108113026580734
632, 600, 0.005, 0.0005, 0.8, 7.464458414787392, 2.2920655344373393
633, 600, 0.005, 0.0005, 0.5, 7.262734644795378, 2.41551598456856
634, 600, 0.005, 0.0005, 0.3, 7.824031356279879, 2.4886960456865586
635, 600, 0.005, 0.0005, 0.1, 8.184853940505779, 2.734616949467125
636, 600, 0.005, 0.0005, 0.08, 8.84049702073407, 2.7670798091558755
637, 600, 0.005, 0.0005, 0.05, 9.184630726706548, 2.7480144716864445
638, 600, 0.005, 0.0005, 0.03, 9.399817820622323, 2.77757790560086
639, 600, 0.005, 0.0005, 0.01, 9.11079481539786, 2.834951029138888
640, 600, 0.005, 0.0003, 0.8, 7.788840103446319, 2.3038094571170573
641, 600, 0.005, 0.0003, 0.5, 7.009898221899279, 2.2308030022319167
642, 600, 0.005, 0.0003, 0.3, 7.099669521968545, 2.3474995957852185
643, 600, 0.005, 0.0003, 0.1, 7.4342703335512486, 2.4976733049257183
644, 600, 0.005, 0.0003, 0.08, 7.371907150487397, 2.5473699339124702
645, 600, 0.005, 0.0003, 0.05, 7.56074724893206, 2.631039403111081
646, 600, 0.005, 0.0003, 0.03, 7.7740269860424025, 2.6234013827516636
647, 600, 0.005, 0.0003, 0.01, 7.914460428774374, 2.60632257561803
648, 600, 0.005, 0.0001, 0.8, 8.031177045609088, 2.264778757067098
649, 600, 0.005, 0.0001, 0.5, 6.776875168553852, 2.249135303724927
650, 600, 0.005, 0.0001, 0.3, 6.964756506137947, 2.3029008911360354
651, 600, 0.005, 0.0001, 0.1, 6.935505006465819, 2.3593570090065996
652, 600, 0.005, 0.0001, 0.08, 6.97724977757713, 2.3868585656785575
653, 600, 0.005, 0.0001, 0.05, 7.087553340203871, 2.4337497009620463
654, 600, 0.005, 0.0001, 0.03, 7.000216893646815, 2.4598816431746746
655, 600, 0.005, 0.0001, 0.01, 7.23367678770483, 2.4449492863915103
656, 600, 0.005, 8e-05, 0.8, 7.780621841800773, 2.267554352000981
657, 600, 0.005, 8e-05, 0.5, 6.893711699757541, 2.238068707566376
658, 600, 0.005, 8e-05, 0.3, 6.871600516624911, 2.288257480315736
659, 600, 0.005, 8e-05, 0.1, 6.808075942520462, 2.3951441498840795
660, 600, 0.005, 8e-05, 0.08, 6.9113634620078255, 2.3587693341079348
661, 600, 0.005, 8e-05, 0.05, 6.99731107846508, 2.3684949933802812
662, 600, 0.005, 8e-05, 0.03, 6.84572418720593, 2.3856336156073583
663, 600, 0.005, 8e-05, 0.01, 6.76562077376919, 2.4521099893197493
664, 600, 0.005, 5e-05, 0.8, 7.6737058412989025, 2.251404309354125
665, 600, 0.005, 5e-05, 0.5, 6.658467525682715, 2.2492284338790722
666, 600, 0.005, 5e-05, 0.3, 6.819734063823944, 2.2237239849780757
667, 600, 0.005, 5e-05, 0.1, 7.00801467177808, 2.309927005980004
668, 600, 0.005, 5e-05, 0.08, 7.177518978777099, 2.458943683605637
669, 600, 0.005, 5e-05, 0.05, 6.6195034776209, 2.378266798784813
670, 600, 0.005, 5e-05, 0.03, 6.894353341908923, 2.3833208049855097
671, 600, 0.005, 5e-05, 0.01, 7.161078715605543, 2.3941903288377864
672, 600, 0.003, 0.0008, 0.8, 9.33372447229467, 2.6421958291063836
673, 600, 0.003, 0.0008, 0.5, 10.34461529525248, 2.8477513350425556
674, 600, 0.003, 0.0008, 0.3, 11.826029660065082, 3.0651056123626828
675, 600, 0.003, 0.0008, 0.1, 15.286913231609631, 3.4744897354345623
676, 600, 0.003, 0.0008, 0.08, 15.918134320444292, 3.50800200237362
677, 600, 0.003, 0.0008, 0.05, 16.02063781547402, 3.5382333254986245
678, 600, 0.003, 0.0008, 0.03, 15.683570860314124, 3.524280707450773
679, 600, 0.003, 0.0008, 0.01, 17.38416440829054, 3.739214641308515
680, 600, 0.003, 0.0005, 0.8, 9.087163388624568, 2.5420643872626205
681, 600, 0.003, 0.0005, 0.5, 8.466244415275693, 2.523660091007844
682, 600, 0.003, 0.0005, 0.3, 8.913151577245692, 2.6045554569074896
683, 600, 0.003, 0.0005, 0.1, 10.042727964417084, 2.958969319784766
684, 600, 0.003, 0.0005, 0.08, 10.256701322483334, 2.8761943301427144
685, 600, 0.003, 0.0005, 0.05, 11.163120522781938, 3.0084458374505116
686, 600, 0.003, 0.0005, 0.03, 11.064172785163763, 3.013649190278734
687, 600, 0.003, 0.0005, 0.01, 10.774391569894332, 2.9652098635334605
688, 600, 0.003, 0.0003, 0.8, 8.827380140917414, 2.4960719116004677
689, 600, 0.003, 0.0003, 0.5, 8.064868970098493, 2.4965038456104613
690, 600, 0.003, 0.0003, 0.3, 8.034939352088388, 2.5136989278360384
691, 600, 0.003, 0.0003, 0.1, 8.073241672258183, 2.6782184426139137
692, 600, 0.003, 0.0003, 0.08, 8.91212203148295, 2.7442880071098563
693, 600, 0.003, 0.0003, 0.05, 8.99927936897645, 2.7017527847084226
694, 600, 0.003, 0.0003, 0.03, 9.263165986210833, 2.7134523385727656
695, 600, 0.003, 0.0003, 0.01, 8.328342319517656, 2.679755743521326
696, 600, 0.003, 0.0001, 0.8, 8.59173719301442, 2.5038349164425306
697, 600, 0.003, 0.0001, 0.5, 8.04897133776512, 2.430142936523523
698, 600, 0.003, 0.0001, 0.3, 7.799766694824638, 2.4080431925725114
699, 600, 0.003, 0.0001, 0.1, 7.735530678032814, 2.502043850825184
700, 600, 0.003, 0.0001, 0.08, 7.931102777624497, 2.4584905873482885
701, 600, 0.003, 0.0001, 0.05, 7.96115452105388, 2.57171526030903
702, 600, 0.003, 0.0001, 0.03, 8.103337082085107, 2.458478104340814
703, 600, 0.003, 0.0001, 0.01, 8.48963964859045, 2.5456577500958635
704, 600, 0.003, 8e-05, 0.8, 8.814535824537286, 2.497220899304276
705, 600, 0.003, 8e-05, 0.5, 8.013057995230248, 2.4538125884394177
706, 600, 0.003, 8e-05, 0.3, 7.86890824601017, 2.450586487791904
707, 600, 0.003, 8e-05, 0.1, 7.74136029502142, 2.3997131868112143
708, 600, 0.003, 8e-05, 0.08, 8.370226868855314, 2.5660412565469994
709, 600, 0.003, 8e-05, 0.05, 8.126940722904854, 2.5193033567556653
710, 600, 0.003, 8e-05, 0.03, 8.19511164939279, 2.5448199260139126
711, 600, 0.003, 8e-05, 0.01, 7.925174882901335, 2.5178699936995157
712, 600, 0.003, 5e-05, 0.8, 9.145901505775887, 2.6285116469968797
713, 600, 0.003, 5e-05, 0.5, 8.063856915549861, 2.473753778422415
714, 600, 0.003, 5e-05, 0.3, 7.4409224309641235, 2.391284806013362
715, 600, 0.003, 5e-05, 0.1, 7.634328796277617, 2.4475017411860622
716, 600, 0.003, 5e-05, 0.08, 7.711678443581465, 2.4410411927520923
717, 600, 0.003, 5e-05, 0.05, 8.096914986385949, 2.547343970162033
718, 600, 0.003, 5e-05, 0.03, 7.882107101076576, 2.5145246694430803
719, 600, 0.003, 5e-05, 0.01, 7.455914977629115, 2.4683513942843947
720, 600, 0.001, 0.0008, 0.8, 21.329676432856647, 3.9765219328148995
721, 600, 0.001, 0.0008, 0.5, 20.93593072578205, 3.9339459025733867
722, 600, 0.001, 0.0008, 0.3, 22.100204164596303, 4.2738164199420545
723, 600, 0.001, 0.0008, 0.1, 29.888035572506265, 4.8366807464390735
724, 600, 0.001, 0.0008, 0.08, 27.556706577619877, 4.622995359021549
725, 600, 0.001, 0.0008, 0.05, 28.672707301010853, 4.735408980400441
726, 600, 0.001, 0.0008, 0.03, 30.14164375898996, 4.815816273631659
727, 600, 0.001, 0.0008, 0.01, 31.688902728863354, 5.0035596185586275
728, 600, 0.001, 0.0005, 0.8, 17.79385651069063, 3.581510300496086
729, 600, 0.001, 0.0005, 0.5, 16.374071411846337, 3.417551257816618
730, 600, 0.001, 0.0005, 0.3, 15.899702645377062, 3.558637048761816
731, 600, 0.001, 0.0005, 0.1, 15.583100419639184, 3.5290594989569044
732, 600, 0.001, 0.0005, 0.08, 18.146679701936286, 3.7430201631868143
733, 600, 0.001, 0.0005, 0.05, 17.788159549908762, 3.6099078602852286
734, 600, 0.001, 0.0005, 0.03, 17.041662521471753, 3.670336234566939
735, 600, 0.001, 0.0005, 0.01, 19.10803319478286, 3.786920024670283
736, 600, 0.001, 0.0003, 0.8, 19.677704396134978, 3.8210893003444246
737, 600, 0.001, 0.0003, 0.5, 15.846870056093561, 3.3660425906488234
738, 600, 0.001, 0.0003, 0.3, 14.112004567748595, 3.2638912819325414
739, 600, 0.001, 0.0003, 0.1, 15.487493807270365, 3.4126689410127917
740, 600, 0.001, 0.0003, 0.08, 15.105289757305139, 3.3507118118223005
741, 600, 0.001, 0.0003, 0.05, 14.85036572975821, 3.3646382087746005
742, 600, 0.001, 0.0003, 0.03, 14.039422325602137, 3.2512826227594736
743, 600, 0.001, 0.0003, 0.01, 13.874280389001498, 3.343664013851135
744, 600, 0.001, 0.0001, 0.8, 18.718482092439327, 3.687580079722571
745, 600, 0.001, 0.0001, 0.5, 17.33257860614254, 3.5218682628140456
746, 600, 0.001, 0.0001, 0.3, 16.973767318466393, 3.581277658605719
747, 600, 0.001, 0.0001, 0.1, 13.871451472992385, 3.156377629874604
748, 600, 0.001, 0.0001, 0.08, 13.51718203381464, 3.1995198302372847
749, 600, 0.001, 0.0001, 0.05, 13.846039342774187, 3.2295032610990075
750, 600, 0.001, 0.0001, 0.03, 15.243024095954988, 3.3472136748527594
751, 600, 0.001, 0.0001, 0.01, 13.012624446875487, 3.1158268905148994
752, 600, 0.001, 8e-05, 0.8, 18.911938988659074, 3.668651398580482
753, 600, 0.001, 8e-05, 0.5, 16.397106228637305, 3.4861152074282997
754, 600, 0.001, 8e-05, 0.3, 13.197519469413189, 3.089495930564161
755, 600, 0.001, 8e-05, 0.1, 14.3372440887367, 3.2189928588956773
756, 600, 0.001, 8e-05, 0.08, 12.635676030593334, 3.051029970119456
757, 600, 0.001, 8e-05, 0.05, 14.096375739740065, 3.281609213493855
758, 600, 0.001, 8e-05, 0.03, 13.716201422958381, 3.2607284085380677
759, 600, 0.001, 8e-05, 0.01, 14.209814772113901, 3.2708544950355174
760, 600, 0.001, 5e-05, 0.8, 18.87427332578509, 3.671158135728233
761, 600, 0.001, 5e-05, 0.5, 16.0087303897591, 3.4419705656766526
762, 600, 0.001, 5e-05, 0.3, 15.000224552073746, 3.303226927272984
763, 600, 0.001, 5e-05, 0.1, 13.094235236064794, 3.112088449907104
764, 600, 0.001, 5e-05, 0.08, 12.716413661062441, 3.057767779375686
765, 600, 0.001, 5e-05, 0.05, 14.790073384643913, 3.3238307038331216
766, 600, 0.001, 5e-05, 0.03, 12.791927391797788, 3.13329025839408
767, 600, 0.001, 5e-05, 0.01, 12.223404037368992, 3.121278501190581
