0, 300, 0.08, 8e-05, 0.8, 61.31380769562054, 4.496103953934094
1, 300, 0.08, 8e-05, 0.5, 15.711952067857078, 2.7336078225053657
2, 300, 0.08, 8e-05, 0.3, 19.402640011306996, 2.779311816086294
3, 300, 0.08, 8e-05, 0.1, 12.120546189908445, 2.5589641843731004
4, 300, 0.08, 8e-05, 0.08, 15.01870104495222, 2.883992674456286
5, 300, 0.08, 8e-05, 0.05, 16.41260213661335, 3.0733498794109146
6, 300, 0.08, 8e-05, 0.03, 13.56649059675696, 2.7353472865045383
7, 300, 0.08, 8e-05, 0.01, 26.79229922408831, 3.6974415665156366
8, 300, 0.08, 5e-05, 0.8, 53.42863323495068, 4.554215700706402
9, 300, 0.08, 5e-05, 0.5, 17.613642897786363, 2.648463615898456
10, 300, 0.08, 5e-05, 0.3, 14.880866016639917, 2.644002318149236
11, 300, 0.08, 5e-05, 0.1, 10.582054362827058, 2.494220705774517
12, 300, 0.08, 5e-05, 0.08, 13.152753535705449, 2.5775874529433556
13, 300, 0.08, 5e-05, 0.05, 10.599244842447456, 2.4612698920859066
14, 300, 0.08, 5e-05, 0.03, 16.231829608905493, 2.9832048849534623
15, 300, 0.08, 5e-05, 0.01, 9.11704420050506, 2.406242514740382
16, 300, 0.08, 3e-05, 0.8, 87.41466785699325, 5.562346260317516
17, 300, 0.08, 3e-05, 0.5, 20.71510916471985, 3.056618383785195
18, 300, 0.08, 3e-05, 0.3, 14.216653479791017, 2.495859186338971
19, 300, 0.08, 3e-05, 0.1, 16.593891672457936, 2.9313710428475477
20, 300, 0.08, 3e-05, 0.08, 10.991781111330848, 2.5523826696186918
21, 300, 0.08, 3e-05, 0.05, 10.549340615168969, 2.617626029470105
22, 300, 0.08, 3e-05, 0.03, 15.715146270803762, 3.024071756640313
23, 300, 0.08, 3e-05, 0.01, 19.537589602825072, 3.2481067293262087
24, 300, 0.08, 1e-05, 0.8, 55.564224876599404, 5.643595356156546
25, 300, 0.08, 1e-05, 0.5, 16.307674449215618, 2.7129470705638545
26, 300, 0.08, 1e-05, 0.3, 19.46796362274954, 3.186048237879507
27, 300, 0.08, 1e-05, 0.1, 15.470911689301166, 2.9280734451729087
28, 300, 0.08, 1e-05, 0.08, 11.371142469138645, 2.5597882018037845
29, 300, 0.08, 1e-05, 0.05, 18.650612061017465, 3.4133424899532785
30, 300, 0.08, 1e-05, 0.03, 20.803907448941068, 3.323612154477118
31, 300, 0.08, 1e-05, 0.01, 14.300347527142824, 2.915267863768542
32, 300, 0.05, 8e-05, 0.8, 25.809228173676267, 3.4049050724010663
33, 300, 0.05, 8e-05, 0.5, 10.37887071371669, 2.324207425791948
34, 300, 0.05, 8e-05, 0.3, 7.181104206117586, 2.211531295730098
35, 300, 0.05, 8e-05, 0.1, 6.627825556691941, 2.1761382957336814
36, 300, 0.05, 8e-05, 0.08, 7.241474189974731, 2.2576026848375648
37, 300, 0.05, 8e-05, 0.05, 7.028981450143659, 2.185332885008317
38, 300, 0.05, 8e-05, 0.03, 7.226934501061711, 2.1932331804370624
39, 300, 0.05, 8e-05, 0.01, 7.702831111176041, 2.234432972637855
40, 300, 0.05, 5e-05, 0.8, 30.693402047130483, 3.366987728765808
41, 300, 0.05, 5e-05, 0.5, 8.587452031570297, 2.2795758855438093
42, 300, 0.05, 5e-05, 0.3, 7.493019225079857, 2.224757344232808
43, 300, 0.05, 5e-05, 0.1, 7.845664968452667, 2.276059422920589
44, 300, 0.05, 5e-05, 0.08, 6.779456380027919, 2.220056011413849
45, 300, 0.05, 5e-05, 0.05, 7.135214523572225, 2.2534607234559267
46, 300, 0.05, 5e-05, 0.03, 7.397333428613867, 2.1586058456566666
47, 300, 0.05, 5e-05, 0.01, 8.78088401693525, 2.2612447617466818
48, 300, 0.05, 3e-05, 0.8, 25.23627118983782, 3.12820632477532
49, 300, 0.05, 3e-05, 0.5, 12.505945216285326, 2.3552039268972425
50, 300, 0.05, 3e-05, 0.3, 8.233653839129644, 2.213756755444503
51, 300, 0.05, 3e-05, 0.1, 8.077434476886065, 2.2773679604486334
52, 300, 0.05, 3e-05, 0.08, 8.32576717338444, 2.1920972423973533
53, 300, 0.05, 3e-05, 0.05, 7.499328834334351, 2.2248946027718643
54, 300, 0.05, 3e-05, 0.03, 7.4822715275527845, 2.262414357701336
55, 300, 0.05, 3e-05, 0.01, 9.862770583453429, 2.3148856017496597
56, 300, 0.05, 1e-05, 0.8, 33.92897838046174, 3.7055167159759486
57, 300, 0.05, 1e-05, 0.5, 12.734312443544132, 2.38088130968787
58, 300, 0.05, 1e-05, 0.3, 8.194877752740403, 2.250753627554804
59, 300, 0.05, 1e-05, 0.1, 7.884597097203539, 2.3009677055790356
60, 300, 0.05, 1e-05, 0.08, 7.69854761778379, 2.227157480542575
61, 300, 0.05, 1e-05, 0.05, 7.2282045921925, 2.1645232469993476
62, 300, 0.05, 1e-05, 0.03, 7.600199441447499, 2.3201947708087647
63, 300, 0.05, 1e-05, 0.01, 8.069199744936942, 2.2807484673385026
64, 300, 0.03, 8e-05, 0.8, 20.96004133054253, 3.1192088708358807
65, 300, 0.03, 8e-05, 0.5, 10.28064869836417, 2.5586047460679424
66, 300, 0.03, 8e-05, 0.3, 8.78713658266535, 2.4782823088057135
67, 300, 0.03, 8e-05, 0.1, 7.432248808231994, 2.325316623318378
68, 300, 0.03, 8e-05, 0.08, 7.131408719579278, 2.283420372892392
69, 300, 0.03, 8e-05, 0.05, 7.2671951671312955, 2.3906201977346253
70, 300, 0.03, 8e-05, 0.03, 7.388470485223929, 2.3472268917622094
71, 300, 0.03, 8e-05, 0.01, 7.164602246178393, 2.296282295339649
72, 300, 0.03, 5e-05, 0.8, 23.274017374750407, 3.280584579198007
73, 300, 0.03, 5e-05, 0.5, 10.205733843688412, 2.5369144855849166
74, 300, 0.03, 5e-05, 0.3, 8.335846358049325, 2.408483906118121
75, 300, 0.03, 5e-05, 0.1, 7.358555742490326, 2.351436760994008
76, 300, 0.03, 5e-05, 0.08, 7.4733847300725795, 2.3237825692981042
77, 300, 0.03, 5e-05, 0.05, 7.89371138283151, 2.390739800315825
78, 300, 0.03, 5e-05, 0.03, 7.5341303685967045, 2.348552902407298
79, 300, 0.03, 5e-05, 0.01, 7.551332932760611, 2.3720746465514564
80, 300, 0.03, 3e-05, 0.8, 20.006826056247142, 3.250441564187166
81, 300, 0.03, 3e-05, 0.5, 10.25225686048984, 2.5360585024731854
82, 300, 0.03, 3e-05, 0.3, 8.156197094232116, 2.3817738183912445
83, 300, 0.03, 3e-05, 0.1, 7.678571930930896, 2.329194288532471
84, 300, 0.03, 3e-05, 0.08, 7.557784115999617, 2.4132573804544233
85, 300, 0.03, 3e-05, 0.05, 7.445459702108873, 2.3238706559041695
86, 300, 0.03, 3e-05, 0.03, 7.3425297660764, 2.344999695250644
87, 300, 0.03, 3e-05, 0.01, 7.842161530044926, 2.352740981020233
88, 300, 0.03, 1e-05, 0.8, 24.507717833463936, 3.4081547684763485
89, 300, 0.03, 1e-05, 0.5, 10.21740973268951, 2.525028187569423
90, 300, 0.03, 1e-05, 0.3, 8.740760197373843, 2.4623430996939155
91, 300, 0.03, 1e-05, 0.1, 7.430527409477385, 2.3062639871372177
92, 300, 0.03, 1e-05, 0.08, 7.646757268882015, 2.3338685076353824
93, 300, 0.03, 1e-05, 0.05, 7.136524052888265, 2.3695333586080887
94, 300, 0.03, 1e-05, 0.03, 7.679698180091132, 2.4198973701177993
95, 300, 0.03, 1e-05, 0.01, 7.601729977573273, 2.381918517639486
96, 300, 0.01, 8e-05, 0.8, 31.904375157345033, 4.705770925758834
97, 300, 0.01, 8e-05, 0.5, 23.287787818245782, 4.080959499261552
98, 300, 0.01, 8e-05, 0.3, 20.370196189596058, 3.8187365366189345
99, 300, 0.01, 8e-05, 0.1, 16.447951624532575, 3.4985017072891345
100, 300, 0.01, 8e-05, 0.08, 19.36701291587549, 3.781336482714406
101, 300, 0.01, 8e-05, 0.05, 14.767006161189196, 3.324100395593271
102, 300, 0.01, 8e-05, 0.03, 18.14801329783825, 3.670265852341397
103, 300, 0.01, 8e-05, 0.01, 14.537457897254919, 3.288434628407843
104, 300, 0.01, 5e-05, 0.8, 33.81493616620126, 4.831622998854554
105, 300, 0.01, 5e-05, 0.5, 23.138858563799545, 4.083608867613248
106, 300, 0.01, 5e-05, 0.3, 19.10689704143515, 3.7414177389910144
107, 300, 0.01, 5e-05, 0.1, 17.961761944118845, 3.604033888878625
108, 300, 0.01, 5e-05, 0.08, 18.315915984812385, 3.6874836604954253
109, 300, 0.01, 5e-05, 0.05, 17.325545587924676, 3.542858730588642
110, 300, 0.01, 5e-05, 0.03, 15.690113344302418, 3.4211169135840174
111, 300, 0.01, 5e-05, 0.01, 18.19221220070697, 3.6513390505033883
112, 300, 0.01, 3e-05, 0.8, 32.8911849671556, 4.715224520762609
113, 300, 0.01, 3e-05, 0.5, 24.211036668335975, 4.1778079352429325
114, 300, 0.01, 3e-05, 0.3, 19.80638146379169, 3.7791613260902523
115, 300, 0.01, 3e-05, 0.1, 18.46971492592472, 3.6601553436843317
116, 300, 0.01, 3e-05, 0.08, 16.951114260823694, 3.4686549332816794
117, 300, 0.01, 3e-05, 0.05, 17.93970873331117, 3.6283924289698306
118, 300, 0.01, 3e-05, 0.03, 15.892576147388164, 3.4548102157463694
119, 300, 0.01, 3e-05, 0.01, 16.59189704870476, 3.5098423246503416
120, 300, 0.01, 1e-05, 0.8, 32.54237882681837, 4.693818706276881
121, 300, 0.01, 1e-05, 0.5, 24.302482870981432, 4.221116672356365
122, 300, 0.01, 1e-05, 0.3, 21.14624031558792, 3.893998884869565
123, 300, 0.01, 1e-05, 0.1, 17.448394826866284, 3.5982211520704555
124, 300, 0.01, 1e-05, 0.08, 17.38279235368143, 3.541847566879041
125, 300, 0.01, 1e-05, 0.05, 17.85485587895992, 3.6157911650497816
126, 300, 0.01, 1e-05, 0.03, 16.28548110328438, 3.4677469302699544
127, 300, 0.01, 1e-05, 0.01, 15.22919118640138, 3.334419545831756
128, 300, 0.008, 8e-05, 0.8, 33.74027230167553, 4.86936590681878
129, 300, 0.008, 8e-05, 0.5, 26.29946796352463, 4.3893313888942656
130, 300, 0.008, 8e-05, 0.3, 22.83975368026558, 4.073552957780056
131, 300, 0.008, 8e-05, 0.1, 22.63888620400099, 4.017378528859497
132, 300, 0.008, 8e-05, 0.08, 18.82877022139808, 3.7134180143731497
133, 300, 0.008, 8e-05, 0.05, 19.5788568114614, 3.812301657194496
134, 300, 0.008, 8e-05, 0.03, 21.17454040062247, 3.929118566349211
135, 300, 0.008, 8e-05, 0.01, 17.978685197311247, 3.654157032037729
136, 300, 0.008, 5e-05, 0.8, 34.16141725371757, 4.866652411253345
137, 300, 0.008, 5e-05, 0.5, 29.85448291856549, 4.641572330291193
138, 300, 0.008, 5e-05, 0.3, 24.209132690474156, 4.237581518390888
139, 300, 0.008, 5e-05, 0.1, 20.753835636723075, 3.9107419422214362
140, 300, 0.008, 5e-05, 0.08, 20.217069171406404, 3.9100947649739703
141, 300, 0.008, 5e-05, 0.05, 20.971730454793054, 3.913716928441476
142, 300, 0.008, 5e-05, 0.03, 20.388152907938228, 3.8967941699833966
143, 300, 0.008, 5e-05, 0.01, 17.76728243881297, 3.6456195758494845
144, 300, 0.008, 3e-05, 0.8, 37.02959134510125, 5.072738634287655
145, 300, 0.008, 3e-05, 0.5, 26.73819232026313, 4.433835264909645
146, 300, 0.008, 3e-05, 0.3, 23.049625387807374, 4.042450926447233
147, 300, 0.008, 3e-05, 0.1, 22.695187969504687, 4.111679110006493
148, 300, 0.008, 3e-05, 0.08, 21.021970159141635, 3.961290324825751
149, 300, 0.008, 3e-05, 0.05, 19.62896186113077, 3.768159064531519
150, 300, 0.008, 3e-05, 0.03, 20.16659214192528, 3.918607557217687
151, 300, 0.008, 3e-05, 0.01, 19.957394134648634, 3.8368799728859257
152, 300, 0.008, 1e-05, 0.8, 35.1118940248489, 4.931766038197083
153, 300, 0.008, 1e-05, 0.5, 28.461295021780423, 4.574717145563158
154, 300, 0.008, 1e-05, 0.3, 27.469240507340157, 4.44971061419246
155, 300, 0.008, 1e-05, 0.1, 20.629840450706162, 3.861280231411082
156, 300, 0.008, 1e-05, 0.08, 19.366770815892693, 3.711638656694782
157, 300, 0.008, 1e-05, 0.05, 19.490319417398613, 3.7766238239999383
158, 300, 0.008, 1e-05, 0.03, 21.09661698918233, 3.9156952496246182
159, 300, 0.008, 1e-05, 0.01, 18.608124581748672, 3.7061247320740813
160, 300, 0.005, 8e-05, 0.8, 43.67416431291249, 5.41248876982833
161, 300, 0.005, 8e-05, 0.5, 37.61861966056317, 5.144384977605425
162, 300, 0.005, 8e-05, 0.3, 32.62957109086687, 4.86336419015562
163, 300, 0.005, 8e-05, 0.1, 28.0940538509869, 4.5655027613299834
164, 300, 0.005, 8e-05, 0.08, 28.90363748707109, 4.548554350928989
165, 300, 0.005, 8e-05, 0.05, 28.310377094587373, 4.537741919927632
166, 300, 0.005, 8e-05, 0.03, 28.655768564361114, 4.549472375098074
167, 300, 0.005, 8e-05, 0.01, 26.320208850596355, 4.3564842982684535
168, 300, 0.005, 5e-05, 0.8, 42.36839043295321, 5.334200517736464
169, 300, 0.005, 5e-05, 0.5, 36.777637704363336, 5.095372493703473
170, 300, 0.005, 5e-05, 0.3, 35.86336874726749, 5.012789166514578
171, 300, 0.005, 5e-05, 0.1, 33.033333407066614, 4.909422438591095
172, 300, 0.005, 5e-05, 0.08, 31.182207110966004, 4.75570425813037
173, 300, 0.005, 5e-05, 0.05, 28.0536411447918, 4.509994440280435
174, 300, 0.005, 5e-05, 0.03, 26.112836216203533, 4.384868032884808
175, 300, 0.005, 5e-05, 0.01, 28.67804753321734, 4.530837696975464
176, 300, 0.005, 3e-05, 0.8, 42.63357256476782, 5.360268894121287
177, 300, 0.005, 3e-05, 0.5, 38.447798517127474, 5.167430742101139
178, 300, 0.005, 3e-05, 0.3, 33.45008160234004, 4.868246344856351
179, 300, 0.005, 3e-05, 0.1, 29.50473135634554, 4.6413886985950015
180, 300, 0.005, 3e-05, 0.08, 27.76692306382421, 4.5313204581762445
181, 300, 0.005, 3e-05, 0.05, 27.6427706257194, 4.5377943173027395
182, 300, 0.005, 3e-05, 0.03, 27.71966270977378, 4.455873405028561
183, 300, 0.005, 3e-05, 0.01, 28.309196382881396, 4.462176386552629
184, 300, 0.005, 1e-05, 0.8, 43.53555414238824, 5.3765352056519475
185, 300, 0.005, 1e-05, 0.5, 37.73043046791496, 5.202407267996334
186, 300, 0.005, 1e-05, 0.3, 30.28578892311637, 4.6460323261451695
187, 300, 0.005, 1e-05, 0.1, 29.651323066756067, 4.631023270050759
188, 300, 0.005, 1e-05, 0.08, 30.514751880408614, 4.676136967931481
189, 300, 0.005, 1e-05, 0.05, 29.12050339660376, 4.588824904395333
190, 300, 0.005, 1e-05, 0.03, 30.659022529335836, 4.699888502898005
191, 300, 0.005, 1e-05, 0.01, 30.53261079425085, 4.687710680722014
192, 300, 0.003, 8e-05, 0.8, 52.940042186228446, 5.792448189957438
193, 300, 0.003, 8e-05, 0.5, 45.847581066498385, 5.4923480454544045
194, 300, 0.003, 8e-05, 0.3, 46.00513516116614, 5.558104657811256
195, 300, 0.003, 8e-05, 0.1, 39.79083531944089, 5.202318574766631
196, 300, 0.003, 8e-05, 0.08, 41.348081882721566, 5.3350581901494305
197, 300, 0.003, 8e-05, 0.05, 40.17676231680535, 5.273520905412379
198, 300, 0.003, 8e-05, 0.03, 38.67085688703465, 5.196270613744573
199, 300, 0.003, 8e-05, 0.01, 36.699656465117144, 5.075312598560356
200, 300, 0.003, 5e-05, 0.8, 53.617298616209084, 5.84059698583101
201, 300, 0.003, 5e-05, 0.5, 46.80871356393827, 5.56542935560709
202, 300, 0.003, 5e-05, 0.3, 42.96477163032181, 5.365550828283948
203, 300, 0.003, 5e-05, 0.1, 41.4836702592224, 5.265668119360794
204, 300, 0.003, 5e-05, 0.08, 40.185115605038916, 5.245941851304695
205, 300, 0.003, 5e-05, 0.05, 41.47581023893934, 5.346616243043111
206, 300, 0.003, 5e-05, 0.03, 37.327811479384415, 5.0897787074003125
207, 300, 0.003, 5e-05, 0.01, 39.65918168356022, 5.293607589413013
208, 300, 0.003, 3e-05, 0.8, 52.51411628221467, 5.826153390033329
209, 300, 0.003, 3e-05, 0.5, 48.58235661049232, 5.638862812432665
210, 300, 0.003, 3e-05, 0.3, 43.527788842483794, 5.387325320200243
211, 300, 0.003, 3e-05, 0.1, 40.2303369444963, 5.229723691201862
212, 300, 0.003, 3e-05, 0.08, 40.66149106667201, 5.232128152602906
213, 300, 0.003, 3e-05, 0.05, 41.24501768485806, 5.369734503172639
214, 300, 0.003, 3e-05, 0.03, 36.94102143591633, 5.092886743979069
215, 300, 0.003, 3e-05, 0.01, 37.07146485701243, 5.117897031649032
216, 300, 0.003, 1e-05, 0.8, 53.52025227893159, 5.879012853797457
217, 300, 0.003, 1e-05, 0.5, 47.920584282952994, 5.64164844028475
218, 300, 0.003, 1e-05, 0.3, 43.56135874001336, 5.403988386791435
219, 300, 0.003, 1e-05, 0.1, 39.47667214708885, 5.225518524583696
220, 300, 0.003, 1e-05, 0.08, 42.104922824906645, 5.345079841043848
221, 300, 0.003, 1e-05, 0.05, 38.582273822066625, 5.161058705217384
222, 300, 0.003, 1e-05, 0.03, 40.05226584166458, 5.265337973579404
223, 300, 0.003, 1e-05, 0.01, 40.41444620123001, 5.23023278223806
224, 300, 0.001, 8e-05, 0.8, 242.11495248438854, 12.473861040102822
225, 300, 0.001, 8e-05, 0.5, 182.7983796220208, 10.282687853672883
226, 300, 0.001, 8e-05, 0.3, 137.4792652045091, 8.843757617261975
227, 300, 0.001, 8e-05, 0.1, 114.80985221899459, 8.139626792713074
228, 300, 0.001, 8e-05, 0.08, 112.81044570225144, 7.8734275530526405
229, 300, 0.001, 8e-05, 0.05, 116.35860784686113, 7.998429349491063
230, 300, 0.001, 8e-05, 0.03, 113.22329098034011, 7.875587579762941
231, 300, 0.001, 8e-05, 0.01, 98.88921092217822, 7.531554666959242
232, 300, 0.001, 5e-05, 0.8, 244.83463701768773, 12.406923990152297
233, 300, 0.001, 5e-05, 0.5, 180.66344737801322, 10.350936246611958
234, 300, 0.001, 5e-05, 0.3, 134.24647046272466, 8.613238734002923
235, 300, 0.001, 5e-05, 0.1, 112.92772099232097, 7.875636138570831
236, 300, 0.001, 5e-05, 0.08, 105.2267457433372, 7.694184770284728
237, 300, 0.001, 5e-05, 0.05, 133.88092794088973, 8.652996476557732
238, 300, 0.001, 5e-05, 0.03, 97.00677477404045, 7.381767821763711
239, 300, 0.001, 5e-05, 0.01, 109.47525636373521, 7.782946393016279
240, 300, 0.001, 3e-05, 0.8, 237.96412506901328, 12.159899080606525
241, 300, 0.001, 3e-05, 0.5, 220.26735610968552, 11.56924918882161
242, 300, 0.001, 3e-05, 0.3, 149.3096450261035, 9.159920166029599
243, 300, 0.001, 3e-05, 0.1, 131.29134138874537, 8.599736980078866
244, 300, 0.001, 3e-05, 0.08, 105.63086270605454, 7.727884138981598
245, 300, 0.001, 3e-05, 0.05, 112.84754439875573, 7.960917112745693
246, 300, 0.001, 3e-05, 0.03, 102.8690469990174, 7.567997760832884
247, 300, 0.001, 3e-05, 0.01, 99.38065017723807, 7.577559108189855
248, 300, 0.001, 1e-05, 0.8, 230.30523295127188, 12.003700053858756
249, 300, 0.001, 1e-05, 0.5, 198.31174755872286, 10.817584277919709
250, 300, 0.001, 1e-05, 0.3, 151.9069957410631, 9.139483054277743
251, 300, 0.001, 1e-05, 0.1, 126.4278025112097, 8.373396047363752
252, 300, 0.001, 1e-05, 0.08, 114.00592788667203, 7.874902451154672
253, 300, 0.001, 1e-05, 0.05, 105.6416488287809, 7.743625168615239
254, 300, 0.001, 1e-05, 0.03, 109.61692175321654, 7.8200840751262035
255, 300, 0.001, 1e-05, 0.01, 120.94894027489845, 8.192458904504658
256, 600, 0.08, 8e-05, 0.8, 48.12372146780085, 5.122912075928964
257, 600, 0.08, 8e-05, 0.5, 16.107965547924856, 2.616837000758042
258, 600, 0.08, 8e-05, 0.3, 8.987925295389177, 2.3167436916201356
259, 600, 0.08, 8e-05, 0.1, 10.3686934391955, 2.5840934564987323
260, 600, 0.08, 8e-05, 0.08, 14.876413322035138, 2.8724722123543893
261, 600, 0.08, 8e-05, 0.05, 11.606670716885375, 2.6127772003966134
262, 600, 0.08, 8e-05, 0.03, 16.723568363466697, 3.1747010371952795
263, 600, 0.08, 8e-05, 0.01, 15.225619393164106, 2.8170899775796676
264, 600, 0.08, 5e-05, 0.8, 46.08619791589733, 4.402599566990153
265, 600, 0.08, 5e-05, 0.5, 11.00187782197646, 2.549503237227884
266, 600, 0.08, 5e-05, 0.3, 9.562899117857086, 2.275808140937878
267, 600, 0.08, 5e-05, 0.1, 14.367983328424947, 2.7170851432894425
268, 600, 0.08, 5e-05, 0.08, 14.057183272987851, 2.7988946825184375
269, 600, 0.08, 5e-05, 0.05, 16.09991221550471, 2.834995394495902
270, 600, 0.08, 5e-05, 0.03, 9.871109331338277, 2.4569439960742896
271, 600, 0.08, 5e-05, 0.01, 8.687756343248086, 2.3930733234471075
272, 600, 0.08, 3e-05, 0.8, 36.6833151386293, 3.5892634707598567
273, 600, 0.08, 3e-05, 0.5, 14.018663121635495, 2.4587426897917988
274, 600, 0.08, 3e-05, 0.3, 14.666786058594685, 2.5406553900695625
275, 600, 0.08, 3e-05, 0.1, 10.480861264892681, 2.4805693370322275
276, 600, 0.08, 3e-05, 0.08, 19.493208304711203, 3.1959306710329694
277, 600, 0.08, 3e-05, 0.05, 14.375410799203468, 2.7125250446281113
278, 600, 0.08, 3e-05, 0.03, 12.985506805638892, 2.804479518755438
279, 600, 0.08, 3e-05, 0.01, 20.740913694745068, 3.3610547911601736
280, 600, 0.08, 1e-05, 0.8, 66.70849517774548, 4.596848155980675
281, 600, 0.08, 1e-05, 0.5, 14.074893022392166, 2.428107209412068
282, 600, 0.08, 1e-05, 0.3, 13.636837586868069, 2.361223866624797
283, 600, 0.08, 1e-05, 0.1, 13.048098539966508, 2.7739334896585737
284, 600, 0.08, 1e-05, 0.08, 10.4744206985868, 2.4878608731925276
285, 600, 0.08, 1e-05, 0.05, 21.972510049190937, 3.2704069838399192
286, 600, 0.08, 1e-05, 0.03, 12.887377737382536, 2.663357636709211
287, 600, 0.08, 1e-05, 0.01, 10.917215636489221, 2.502992474518309
288, 600, 0.05, 8e-05, 0.8, 17.253990188100843, 2.5970037029599746
289, 600, 0.05, 8e-05, 0.5, 7.999938742132509, 2.1810682130048864
290, 600, 0.05, 8e-05, 0.3, 9.289210006875146, 2.1233356876385097
291, 600, 0.05, 8e-05, 0.1, 7.468082159539492, 2.1146477375486317
292, 600, 0.05, 8e-05, 0.08, 6.731386062199992, 2.163040565627006
293, 600, 0.05, 8e-05, 0.05, 6.596039063223506, 2.151261889710548
294, 600, 0.05, 8e-05, 0.03, 7.199612322755284, 2.163075156895901
295, 600, 0.05, 8e-05, 0.01, 6.117420105803758, 2.145672945005027
296, 600, 0.05, 5e-05, 0.8, 24.8045114276671, 2.9733855724732203
297, 600, 0.05, 5e-05, 0.5, 10.793391866928571, 2.1648676672699487
298, 600, 0.05, 5e-05, 0.3, 7.914005359553717, 2.1273741841745757
299, 600, 0.05, 5e-05, 0.1, 7.032238865570112, 2.1150201438325835
300, 600, 0.05, 5e-05, 0.08, 6.2980182505546995, 2.150946358651746
301, 600, 0.05, 5e-05, 0.05, 6.865262070779012, 2.183046507565367
302, 600, 0.05, 5e-05, 0.03, 6.414099950282943, 2.189002268801958
303, 600, 0.05, 5e-05, 0.01, 5.952568237887445, 2.168831083697075
304, 600, 0.05, 3e-05, 0.8, 21.9755231932704, 3.02035443096265
305, 600, 0.05, 3e-05, 0.5, 7.9879057021800906, 2.152826930358017
306, 600, 0.05, 3e-05, 0.3, 6.552687880266748, 2.103246282329985
307, 600, 0.05, 3e-05, 0.1, 6.834878396139014, 2.1331533871190955
308, 600, 0.05, 3e-05, 0.08, 6.770646072364096, 2.153038488400825
309, 600, 0.05, 3e-05, 0.05, 6.150454142581468, 2.165899239128554
310, 600, 0.05, 3e-05, 0.03, 7.077951922940007, 2.2181615805386103
311, 600, 0.05, 3e-05, 0.01, 6.644141742992808, 2.168829945548448
312, 600, 0.05, 1e-05, 0.8, 18.50279776072042, 2.6021545506310195
313, 600, 0.05, 1e-05, 0.5, 9.004596902867418, 2.1309455611969534
314, 600, 0.05, 1e-05, 0.3, 6.891026302001035, 2.1088463756038993
315, 600, 0.05, 1e-05, 0.1, 6.582272406366353, 2.117208311352819
316, 600, 0.05, 1e-05, 0.08, 6.648833066600972, 2.1616902707945607
317, 600, 0.05, 1e-05, 0.05, 7.299851300282002, 2.1892241612674184
318, 600, 0.05, 1e-05, 0.03, 6.913031407100607, 2.1595944998535077
319, 600, 0.05, 1e-05, 0.01, 6.647961590074698, 2.1445888739316077
320, 600, 0.03, 8e-05, 0.8, 15.044120532263491, 2.565758439112151
321, 600, 0.03, 8e-05, 0.5, 7.369991798562407, 2.1437448126850382
322, 600, 0.03, 8e-05, 0.3, 5.987040727439799, 2.0920262344387828
323, 600, 0.03, 8e-05, 0.1, 6.018222519856289, 2.1380095433735975
324, 600, 0.03, 8e-05, 0.08, 6.00261088696505, 2.20983311643982
325, 600, 0.03, 8e-05, 0.05, 6.124283876499527, 2.1648752032266296
326, 600, 0.03, 8e-05, 0.03, 5.921005298845441, 2.1870392620247343
327, 600, 0.03, 8e-05, 0.01, 5.8271188594781895, 2.1997965830207167
328, 600, 0.03, 5e-05, 0.8, 13.019587850734467, 2.424984386807899
329, 600, 0.03, 5e-05, 0.5, 7.184815107039521, 2.1450492297355503
330, 600, 0.03, 5e-05, 0.3, 6.405160798781021, 2.1688628320720134
331, 600, 0.03, 5e-05, 0.1, 6.185786326319873, 2.1775770321983554
332, 600, 0.03, 5e-05, 0.08, 6.026808490430259, 2.1338571612151704
333, 600, 0.03, 5e-05, 0.05, 6.015450447389008, 2.1246480995974837
334, 600, 0.03, 5e-05, 0.03, 6.115294942848072, 2.195604496394899
335, 600, 0.03, 5e-05, 0.01, 6.10937593297019, 2.192359046153493
336, 600, 0.03, 3e-05, 0.8, 13.601910220357317, 2.450055792191672
337, 600, 0.03, 3e-05, 0.5, 7.766186835535985, 2.158481612678459
338, 600, 0.03, 3e-05, 0.3, 6.522292177948318, 2.1131394718879326
339, 600, 0.03, 3e-05, 0.1, 6.124872537032051, 2.13850648405625
340, 600, 0.03, 3e-05, 0.08, 6.147374680870622, 2.1478379287395537
341, 600, 0.03, 3e-05, 0.05, 6.02559819963667, 2.152449526967732
342, 600, 0.03, 3e-05, 0.03, 5.913128721867708, 2.159946101365663
343, 600, 0.03, 3e-05, 0.01, 6.268035061180416, 2.1593132739637944
344, 600, 0.03, 1e-05, 0.8, 12.31866080341822, 2.438650602098316
345, 600, 0.03, 1e-05, 0.5, 7.38454191300779, 2.1262356805613223
346, 600, 0.03, 1e-05, 0.3, 6.312331452551286, 2.142541021286931
347, 600, 0.03, 1e-05, 0.1, 6.120648428338397, 2.1197341972976296
348, 600, 0.03, 1e-05, 0.08, 6.266992725777213, 2.143615160346357
349, 600, 0.03, 1e-05, 0.05, 6.194669486712625, 2.177454880346911
350, 600, 0.03, 1e-05, 0.03, 6.2969531258358415, 2.1151486983293397
351, 600, 0.03, 1e-05, 0.01, 5.810017877740073, 2.170083131828815
352, 600, 0.01, 8e-05, 0.8, 16.426353198219772, 3.322941482104139
353, 600, 0.01, 8e-05, 0.5, 12.31699035007934, 2.9739816193758988
354, 600, 0.01, 8e-05, 0.3, 9.023408098067325, 2.5788387029909945
355, 600, 0.01, 8e-05, 0.1, 8.770266881944188, 2.5666961190730464
356, 600, 0.01, 8e-05, 0.08, 8.781070225469119, 2.531530140209523
357, 600, 0.01, 8e-05, 0.05, 8.629109249036867, 2.5662492448672314
358, 600, 0.01, 8e-05, 0.03, 8.337415464188277, 2.513003538743758
359, 600, 0.01, 8e-05, 0.01, 8.32239002522472, 2.530355229095608
360, 600, 0.01, 5e-05, 0.8, 17.744212235153853, 3.464213349620181
361, 600, 0.01, 5e-05, 0.5, 11.222862754836076, 2.7982416776628134
362, 600, 0.01, 5e-05, 0.3, 10.856168234957908, 2.836943487497145
363, 600, 0.01, 5e-05, 0.1, 9.113792487082655, 2.630393350480034
364, 600, 0.01, 5e-05, 0.08, 8.380203370022022, 2.4927030778338803
365, 600, 0.01, 5e-05, 0.05, 8.356216949085477, 2.554080009310261
366, 600, 0.01, 5e-05, 0.03, 8.24687555005259, 2.583392160174041
367, 600, 0.01, 5e-05, 0.01, 8.380771983666337, 2.5381867161941303
368, 600, 0.01, 3e-05, 0.8, 16.839996080210913, 3.3186244840700945
369, 600, 0.01, 3e-05, 0.5, 12.062641790580122, 2.9452093278017673
370, 600, 0.01, 3e-05, 0.3, 9.959149994138105, 2.6645780134921173
371, 600, 0.01, 3e-05, 0.1, 9.180051203060236, 2.6406842416737226
372, 600, 0.01, 3e-05, 0.08, 8.796048366912236, 2.5716543941635974
373, 600, 0.01, 3e-05, 0.05, 8.458576551471651, 2.536809675053388
374, 600, 0.01, 3e-05, 0.03, 8.789318224104697, 2.554313189109021
375, 600, 0.01, 3e-05, 0.01, 8.606896243499346, 2.5726902826477778
376, 600, 0.01, 1e-05, 0.8, 16.167870717462172, 3.2978719175318787
377, 600, 0.01, 1e-05, 0.5, 12.507733801673243, 3.0182471383073373
378, 600, 0.01, 1e-05, 0.3, 10.708000996060328, 2.8363034938501017
379, 600, 0.01, 1e-05, 0.1, 9.812440351824568, 2.692043335539087
380, 600, 0.01, 1e-05, 0.08, 8.61949518513993, 2.554784845264888
381, 600, 0.01, 1e-05, 0.05, 9.517917472814586, 2.6700963598057195
382, 600, 0.01, 1e-05, 0.03, 8.937178496297877, 2.5447058729949794
383, 600, 0.01, 1e-05, 0.01, 8.572601365014675, 2.513933442698084
384, 600, 0.008, 8e-05, 0.8, 19.40714361867443, 3.685371135291203
385, 600, 0.008, 8e-05, 0.5, 15.827281301552995, 3.3740577360704926
386, 600, 0.008, 8e-05, 0.3, 11.848585801608642, 2.9264266161658004
387, 600, 0.008, 8e-05, 0.1, 9.806388600174412, 2.752466354570193
388, 600, 0.008, 8e-05, 0.08, 10.357942774026355, 2.84925719580725
389, 600, 0.008, 8e-05, 0.05, 10.012188489967084, 2.7729186032742694
390, 600, 0.008, 8e-05, 0.03, 9.901706919113543, 2.7894284189584644
391, 600, 0.008, 8e-05, 0.01, 9.027979116413949, 2.6336968303449124
392, 600, 0.008, 5e-05, 0.8, 21.411854914465174, 3.9005313016795933
393, 600, 0.008, 5e-05, 0.5, 15.444436950544551, 3.31240523133584
394, 600, 0.008, 5e-05, 0.3, 13.522196028689752, 3.1095953370877267
395, 600, 0.008, 5e-05, 0.1, 10.382352535719722, 2.7779443257973173
396, 600, 0.008, 5e-05, 0.08, 10.271852172960028, 2.782912466904836
397, 600, 0.008, 5e-05, 0.05, 10.623141529976387, 2.782457820426335
398, 600, 0.008, 5e-05, 0.03, 10.275230638174943, 2.7629093512560354
399, 600, 0.008, 5e-05, 0.01, 9.808856805375902, 2.7758870763280123
400, 600, 0.008, 3e-05, 0.8, 20.80207445099043, 3.8344128661309775
401, 600, 0.008, 3e-05, 0.5, 15.868728118579934, 3.3767827172943443
402, 600, 0.008, 3e-05, 0.3, 13.020595474978782, 3.078670993645881
403, 600, 0.008, 3e-05, 0.1, 10.253405316770396, 2.741562294500536
404, 600, 0.008, 3e-05, 0.08, 10.78201206117562, 2.8026873571731707
405, 600, 0.008, 3e-05, 0.05, 10.763721993527776, 2.7684430079342714
406, 600, 0.008, 3e-05, 0.03, 10.32254334783217, 2.793557152225811
407, 600, 0.008, 3e-05, 0.01, 10.121408128903896, 2.776276667010083
408, 600, 0.008, 1e-05, 0.8, 22.11354148811009, 3.959278033735204
409, 600, 0.008, 1e-05, 0.5, 15.768209151670419, 3.335420314513807
410, 600, 0.008, 1e-05, 0.3, 13.958244845760323, 3.1925434837424818
411, 600, 0.008, 1e-05, 0.1, 11.79148999588394, 2.9135537263756306
412, 600, 0.008, 1e-05, 0.08, 11.096134350640629, 2.883442497858975
413, 600, 0.008, 1e-05, 0.05, 10.63238384043673, 2.8155779908427734
414, 600, 0.008, 1e-05, 0.03, 11.3178331955486, 2.8473159086389863
415, 600, 0.008, 1e-05, 0.01, 10.652432075208296, 2.863507000621771
416, 600, 0.005, 8e-05, 0.8, 28.804672204730725, 4.567821501992249
417, 600, 0.005, 8e-05, 0.5, 23.962411083616747, 4.159663465992029
418, 600, 0.005, 8e-05, 0.3, 18.46166869246328, 3.677619121307017
419, 600, 0.005, 8e-05, 0.1, 18.055259739089973, 3.5951060960944448
420, 600, 0.005, 8e-05, 0.08, 15.859126309809863, 3.410341693072253
421, 600, 0.005, 8e-05, 0.05, 17.05406503108315, 3.5319721746185144
422, 600, 0.005, 8e-05, 0.03, 16.33620559123728, 3.4762431767470225
423, 600, 0.005, 8e-05, 0.01, 14.34185358344418, 3.238204767766021
424, 600, 0.005, 5e-05, 0.8, 29.18688438871474, 4.61833562548677
425, 600, 0.005, 5e-05, 0.5, 24.4969081746842, 4.241333288677851
426, 600, 0.005, 5e-05, 0.3, 21.090983257941495, 3.911643066953757
427, 600, 0.005, 5e-05, 0.1, 17.168664372022203, 3.582402844365484
428, 600, 0.005, 5e-05, 0.08, 17.006796387051217, 3.529386708762395
429, 600, 0.005, 5e-05, 0.05, 16.516341892265316, 3.4831931590559444
430, 600, 0.005, 5e-05, 0.03, 17.201156773470167, 3.5903499417099227
431, 600, 0.005, 5e-05, 0.01, 15.10842528525105, 3.4123763429649463
432, 600, 0.005, 3e-05, 0.8, 31.217037036987136, 4.712696618411097
433, 600, 0.005, 3e-05, 0.5, 23.070961185226732, 4.1724682000083915
434, 600, 0.005, 3e-05, 0.3, 20.584146199923975, 3.902920869114729
435, 600, 0.005, 3e-05, 0.1, 18.58203875173448, 3.6767187215084824
436, 600, 0.005, 3e-05, 0.08, 16.736981810484775, 3.5157997062987953
437, 600, 0.005, 3e-05, 0.05, 16.33656491279036, 3.458345186096737
438, 600, 0.005, 3e-05, 0.03, 17.017195525434037, 3.5264517977768763
439, 600, 0.005, 3e-05, 0.01, 16.163855782257425, 3.450258396764241
440, 600, 0.005, 1e-05, 0.8, 29.161950537727694, 4.6019822750227055
441, 600, 0.005, 1e-05, 0.5, 25.625137165481863, 4.362036680272748
442, 600, 0.005, 1e-05, 0.3, 18.68873808534279, 3.6778218270995153
443, 600, 0.005, 1e-05, 0.1, 17.044651551602932, 3.507551653911675
444, 600, 0.005, 1e-05, 0.08, 17.042513214452917, 3.558552619423067
445, 600, 0.005, 1e-05, 0.05, 18.02299655156901, 3.6692696544607615
446, 600, 0.005, 1e-05, 0.03, 16.36966837223866, 3.533262096527436
447, 600, 0.005, 1e-05, 0.01, 15.97308738435915, 3.4057687360204474
448, 600, 0.003, 8e-05, 0.8, 38.65387333366955, 5.185180473778372
449, 600, 0.003, 8e-05, 0.5, 32.80730607655774, 4.837737109526944
450, 600, 0.003, 8e-05, 0.3, 29.88178335635837, 4.716729486762647
451, 600, 0.003, 8e-05, 0.1, 26.558046337793836, 4.38727131287324
452, 600, 0.003, 8e-05, 0.08, 24.227530101126973, 4.2836976104200115
453, 600, 0.003, 8e-05, 0.05, 23.61269974775734, 4.141905990456401
454, 600, 0.003, 8e-05, 0.03, 24.11136208342626, 4.241857218176453
455, 600, 0.003, 8e-05, 0.01, 23.3766735204513, 4.208744395053394
456, 600, 0.003, 5e-05, 0.8, 36.49585600436265, 5.081994897139223
457, 600, 0.003, 5e-05, 0.5, 32.97705598899337, 4.876671269772812
458, 600, 0.003, 5e-05, 0.3, 30.262097162063856, 4.685462677118656
459, 600, 0.003, 5e-05, 0.1, 23.972774982097274, 4.229355876232644
460, 600, 0.003, 5e-05, 0.08, 22.776196789147733, 4.0744365415419175
461, 600, 0.003, 5e-05, 0.05, 25.80978604318899, 4.364503093068312
462, 600, 0.003, 5e-05, 0.03, 24.300063234928263, 4.233401464268545
463, 600, 0.003, 5e-05, 0.01, 23.163917193974605, 4.1329092490957775
464, 600, 0.003, 3e-05, 0.8, 41.105203759335325, 5.291895018647712
465, 600, 0.003, 3e-05, 0.5, 35.199750547405095, 5.039207294593511
466, 600, 0.003, 3e-05, 0.3, 31.018896590708028, 4.802519456269438
467, 600, 0.003, 3e-05, 0.1, 26.82402859439103, 4.432251366845747
468, 600, 0.003, 3e-05, 0.08, 25.34630428825937, 4.303954963611351
469, 600, 0.003, 3e-05, 0.05, 25.36796197760888, 4.293199725905879
470, 600, 0.003, 3e-05, 0.03, 25.065086122665882, 4.283329769096474
471, 600, 0.003, 3e-05, 0.01, 24.97147346604553, 4.294112014261976
472, 600, 0.003, 1e-05, 0.8, 37.753207737147825, 5.1617462476760965
473, 600, 0.003, 1e-05, 0.5, 33.36372585206606, 4.956970554637097
474, 600, 0.003, 1e-05, 0.3, 28.181888809854296, 4.506333177205327
475, 600, 0.003, 1e-05, 0.1, 23.80206421687678, 4.142846214980996
476, 600, 0.003, 1e-05, 0.08, 28.051941030966468, 4.591856073935232
477, 600, 0.003, 1e-05, 0.05, 26.475080941574436, 4.386473261012458
478, 600, 0.003, 1e-05, 0.03, 27.759762634616628, 4.475055037848479
479, 600, 0.003, 1e-05, 0.01, 25.49340318105093, 4.331159264137194
480, 600, 0.001, 8e-05, 0.8, 73.84807075943351, 6.504868396714928
481, 600, 0.001, 8e-05, 0.5, 59.029145063950594, 6.090919446154465
482, 600, 0.001, 8e-05, 0.3, 52.28766751799683, 5.83091003795582
483, 600, 0.001, 8e-05, 0.1, 48.20290860995586, 5.655301161834903
484, 600, 0.001, 8e-05, 0.08, 46.314417469849154, 5.534271334681786
485, 600, 0.001, 8e-05, 0.05, 45.67113886356641, 5.538230901098321
486, 600, 0.001, 8e-05, 0.03, 44.773346650625804, 5.575295783489606
487, 600, 0.001, 8e-05, 0.01, 43.60142713682335, 5.443803582351437
488, 600, 0.001, 5e-05, 0.8, 87.10643801920284, 7.0997966980443294
489, 600, 0.001, 5e-05, 0.5, 61.51063917284722, 6.161580916111448
490, 600, 0.001, 5e-05, 0.3, 54.78900963379978, 5.976218671652434
491, 600, 0.001, 5e-05, 0.1, 51.8540055727439, 5.765133701281424
492, 600, 0.001, 5e-05, 0.08, 45.99816531469209, 5.510507811788468
493, 600, 0.001, 5e-05, 0.05, 46.97656603037511, 5.595244774547704
494, 600, 0.001, 5e-05, 0.03, 48.3244047066823, 5.654667921252529
495, 600, 0.001, 5e-05, 0.01, 46.364343832618665, 5.586183455671769
496, 600, 0.001, 3e-05, 0.8, 76.25062856983621, 6.64192142753537
497, 600, 0.001, 3e-05, 0.5, 62.380589042535824, 6.219781489627507
498, 600, 0.001, 3e-05, 0.3, 55.7255710663051, 5.906552341841912
499, 600, 0.001, 3e-05, 0.1, 50.65968745733427, 5.713206369943861
500, 600, 0.001, 3e-05, 0.08, 50.165624299269076, 5.688404359041074
501, 600, 0.001, 3e-05, 0.05, 48.565813388546516, 5.651616057606057
502, 600, 0.001, 3e-05, 0.03, 47.05592657555782, 5.633345788973846
503, 600, 0.001, 3e-05, 0.01, 47.639818922990784, 5.59965770467398
504, 600, 0.001, 1e-05, 0.8, 74.6234558872265, 6.6286797701963565
505, 600, 0.001, 1e-05, 0.5, 62.76152505816393, 6.155161757719877
506, 600, 0.001, 1e-05, 0.3, 54.71951027598485, 5.865754672810611
507, 600, 0.001, 1e-05, 0.1, 51.72147099586901, 5.796706929323924
508, 600, 0.001, 1e-05, 0.08, 51.608397976554286, 5.754770462403732
509, 600, 0.001, 1e-05, 0.05, 52.39856356831483, 5.81374551021491
510, 600, 0.001, 1e-05, 0.03, 47.12932902304761, 5.496188734885026
511, 600, 0.001, 1e-05, 0.01, 50.70767898586547, 5.756133241735455
